Temperature Pressure  Density Volume  InternalEnergy  Enthalpy  Entropy Cv  Cp  Spd Joule-Thomson Viscosity Therm.Cond. Phase
285.000	1.00000	1.86900	0.535046	403.531	457.036	2.38573	0.676323	0.870300	261.572	1.20974	undefined	undefined	vapor
285.000	1.06803	1.99701	0.500749	403.483	456.964	2.37312	0.676483	0.870812	261.506	1.20999	undefined	undefined	vapor
285.000	1.13607	2.12513	0.470560	403.434	456.893	2.36129	0.676643	0.871325	261.439	1.21024	undefined	undefined	vapor
285.000	1.20410	2.25335	0.443783	403.385	456.821	2.35013	0.676803	0.871839	261.373	1.21049	undefined	undefined	vapor
285.000	1.27213	2.38169	0.419869	403.336	456.749	2.33957	0.676964	0.872355	261.306	1.21074	undefined	undefined	vapor
285.000	1.34016	2.51014	0.398384	403.287	456.677	2.32956	0.677125	0.872873	261.240	1.21099	undefined	undefined	vapor
285.000	1.40820	2.63870	0.378974	403.238	456.605	2.32003	0.677286	0.873391	261.173	1.21124	undefined	undefined	vapor
285.000	1.47623	2.76738	0.361353	403.189	456.533	2.31095	0.677448	0.873912	261.106	1.21150	undefined	undefined	vapor
285.000	1.54426	2.89616	0.345285	403.140	456.461	2.30226	0.677610	0.874433	261.040	1.21175	undefined	undefined	vapor
285.000	1.61230	3.02506	0.330572	403.091	456.389	2.29394	0.677773	0.874956	260.973	1.21200	undefined	undefined	vapor
285.000	1.68033	3.15407	0.317051	403.042	456.317	2.28596	0.677936	0.875481	260.906	1.21225	undefined	undefined	vapor
285.000	1.74836	3.28319	0.304582	402.993	456.245	2.27829	0.678100	0.876006	260.839	1.21250	undefined	undefined	vapor
285.000	1.81639	3.41242	0.293047	402.943	456.172	2.27091	0.678263	0.876534	260.772	1.21275	undefined	undefined	vapor
285.000	1.88443	3.54177	0.282345	402.894	456.100	2.26379	0.678428	0.877063	260.705	1.21300	undefined	undefined	vapor
285.000	1.95246	3.67123	0.272388	402.845	456.028	2.25691	0.678592	0.877593	260.639	1.21325	undefined	undefined	vapor
285.000	2.02049	3.80080	0.263102	402.795	455.955	2.25027	0.678758	0.878124	260.571	1.21349	undefined	undefined	vapor
285.000	2.08853	3.93049	0.254421	402.746	455.883	2.24384	0.678923	0.878658	260.504	1.21374	undefined	undefined	vapor
285.000	2.15656	4.06029	0.246288	402.697	455.810	2.23761	0.679089	0.879192	260.437	1.21399	undefined	undefined	vapor
285.000	2.22459	4.19021	0.238652	402.647	455.737	2.23157	0.679256	0.879728	260.370	1.21424	undefined	undefined	vapor
285.000	2.29262	4.32024	0.231469	402.598	455.665	2.22570	0.679422	0.880266	260.303	1.21449	undefined	undefined	vapor
285.000	2.36066	4.45038	0.224700	402.548	455.592	2.22000	0.679590	0.880805	260.236	1.21474	undefined	undefined	vapor
285.000	2.42869	4.58064	0.218310	402.498	455.519	2.21446	0.679757	0.881345	260.168	1.21499	undefined	undefined	vapor
285.000	2.49672	4.71101	0.212269	402.449	455.446	2.20907	0.679925	0.881887	260.101	1.21524	undefined	undefined	vapor
285.000	2.56476	4.84150	0.206547	402.399	455.373	2.20381	0.680094	0.882431	260.034	1.21549	undefined	undefined	vapor
285.000	2.63279	4.97211	0.201122	402.349	455.300	2.19869	0.680263	0.882976	259.966	1.21574	undefined	undefined	vapor
285.000	2.70082	5.10283	0.195970	402.299	455.227	2.19370	0.680432	0.883522	259.899	1.21598	undefined	undefined	vapor
285.000	2.76885	5.23367	0.191070	402.249	455.154	2.18882	0.680602	0.884070	259.831	1.21623	undefined	undefined	vapor
285.000	2.83689	5.36463	0.186406	402.200	455.081	2.18406	0.680772	0.884620	259.764	1.21648	undefined	undefined	vapor
285.000	2.90492	5.49570	0.181960	402.150	455.008	2.17940	0.680943	0.885171	259.696	1.21673	undefined	undefined	vapor
285.000	2.97295	5.62689	0.177718	402.100	454.934	2.17486	0.681114	0.885724	259.628	1.21698	undefined	undefined	vapor
285.000	3.04099	5.75820	0.173666	402.050	454.861	2.17040	0.681285	0.886278	259.561	1.21722	undefined	undefined	vapor
285.000	3.10902	5.88962	0.169790	401.999	454.788	2.16605	0.681457	0.886834	259.493	1.21747	undefined	undefined	vapor
285.000	3.17705	6.02116	0.166081	401.949	454.714	2.16178	0.681629	0.887391	259.425	1.21772	undefined	undefined	vapor
285.000	3.24508	6.15282	0.162527	401.899	454.641	2.15760	0.681802	0.887950	259.357	1.21797	undefined	undefined	vapor
285.000	3.31312	6.28460	0.159119	401.849	454.567	2.15350	0.681975	0.888510	259.289	1.21821	undefined	undefined	vapor
285.000	3.38115	6.41650	0.155848	401.799	454.493	2.14949	0.682149	0.889072	259.221	1.21846	undefined	undefined	vapor
285.000	3.44918	6.54852	0.152706	401.748	454.420	2.14555	0.682323	0.889636	259.153	1.21871	undefined	undefined	vapor
285.000	3.51721	6.68065	0.149686	401.698	454.346	2.14168	0.682498	0.890201	259.085	1.21895	undefined	undefined	vapor
285.000	3.58525	6.81291	0.146780	401.648	454.272	2.13788	0.682672	0.890767	259.017	1.21920	undefined	undefined	vapor
285.000	3.65328	6.94529	0.143983	401.597	454.198	2.13415	0.682848	0.891336	258.949	1.21945	undefined	undefined	vapor
285.000	3.72131	7.07778	0.141287	401.547	454.124	2.13049	0.683024	0.891906	258.881	1.21969	undefined	undefined	vapor
285.000	3.78935	7.21040	0.138689	401.496	454.050	2.12689	0.683200	0.892477	258.813	1.21994	undefined	undefined	vapor
285.000	3.85738	7.34314	0.136182	401.445	453.976	2.12334	0.683377	0.893050	258.745	1.22019	undefined	undefined	vapor
285.000	3.92541	7.47600	0.133761	401.395	453.902	2.11986	0.683554	0.893625	258.676	1.22043	undefined	undefined	vapor
285.000	3.99344	7.60898	0.131424	401.344	453.827	2.11644	0.683731	0.894201	258.608	1.22068	undefined	undefined	vapor
285.000	4.06148	7.74208	0.129164	401.293	453.753	2.11307	0.683909	0.894779	258.540	1.22092	undefined	undefined	vapor
285.000	4.12951	7.87530	0.126979	401.243	453.679	2.10975	0.684088	0.895359	258.471	1.22117	undefined	undefined	vapor
285.000	4.19754	8.00865	0.124865	401.192	453.604	2.10648	0.684267	0.895940	258.403	1.22142	undefined	undefined	vapor
285.000	4.26558	8.14211	0.122818	401.141	453.530	2.10326	0.684446	0.896523	258.334	1.22166	undefined	undefined	vapor
285.000	4.33361	8.27571	0.120836	401.090	453.455	2.10009	0.684626	0.897107	258.265	1.22191	undefined	undefined	vapor
285.000	4.40164	8.40942	0.118914	401.039	453.381	2.09697	0.684806	0.897693	258.197	1.22215	undefined	undefined	vapor
285.000	4.46967	8.54326	0.117051	400.988	453.306	2.09389	0.684987	0.898281	258.128	1.22240	undefined	undefined	vapor
285.000	4.53771	8.67722	0.115244	400.937	453.231	2.09086	0.685168	0.898871	258.059	1.22264	undefined	undefined	vapor
285.000	4.60574	8.81130	0.113491	400.886	453.157	2.08787	0.685350	0.899462	257.990	1.22289	undefined	undefined	vapor
285.000	4.67377	8.94551	0.111788	400.835	453.082	2.08491	0.685532	0.900055	257.922	1.22313	undefined	undefined	vapor
285.000	4.74181	9.07985	0.110134	400.783	453.007	2.08200	0.685714	0.900649	257.853	1.22338	undefined	undefined	vapor
285.000	4.80984	9.21431	0.108527	400.732	452.932	2.07913	0.685897	0.901246	257.784	1.22362	undefined	undefined	vapor
285.000	4.87787	9.34889	0.106965	400.681	452.857	2.07629	0.686081	0.901844	257.715	1.22387	undefined	undefined	vapor
285.000	4.94590	9.48360	0.105445	400.629	452.782	2.07350	0.686265	0.902443	257.646	1.22411	undefined	undefined	vapor
285.000	5.01394	9.61844	0.103967	400.578	452.706	2.07073	0.686449	0.903045	257.577	1.22435	undefined	undefined	vapor
285.000	5.08197	9.75340	0.102528	400.526	452.631	2.06800	0.686634	0.903648	257.507	1.22460	undefined	undefined	vapor
285.000	5.15000	9.88848	0.101128	400.475	452.556	2.06531	0.686819	0.904253	257.438	1.22484	undefined	undefined	vapor
285.000	5.21804	10.0237	0.0997636	400.423	452.480	2.06265	0.687005	0.904859	257.369	1.22509	undefined	undefined	vapor
285.000	5.28607	10.1590	0.0984345	400.372	452.405	2.06002	0.687191	0.905467	257.300	1.22533	undefined	undefined	vapor
285.000	5.35410	10.2945	0.0971392	400.320	452.329	2.05742	0.687378	0.906077	257.230	1.22557	undefined	undefined	vapor
285.000	5.42213	10.4301	0.0958763	400.268	452.254	2.05485	0.687565	0.906689	257.161	1.22582	undefined	undefined	vapor
285.000	5.49017	10.5658	0.0946447	400.217	452.178	2.05231	0.687753	0.907303	257.092	1.22606	undefined	undefined	vapor
285.000	5.55820	10.7017	0.0934433	400.165	452.103	2.04980	0.687941	0.907918	257.022	1.22630	undefined	undefined	vapor
285.000	5.62623	10.8377	0.0922708	400.113	452.027	2.04732	0.688130	0.908535	256.952	1.22655	undefined	undefined	vapor
285.000	5.69427	10.9738	0.0911264	400.061	451.951	2.04486	0.688319	0.909154	256.883	1.22679	undefined	undefined	vapor
285.000	5.76230	11.1100	0.0900089	400.009	451.875	2.04243	0.688508	0.909775	256.813	1.22703	undefined	undefined	vapor
285.000	5.83033	11.2464	0.0889175	399.957	451.799	2.04003	0.688698	0.910397	256.743	1.22728	undefined	undefined	vapor
285.000	5.89836	11.3829	0.0878512	399.905	451.723	2.03765	0.688889	0.911022	256.674	1.22752	undefined	undefined	vapor
285.000	5.96640	11.5195	0.0868093	399.853	451.647	2.03530	0.689080	0.911648	256.604	1.22776	undefined	undefined	vapor
285.000	6.03443	11.6563	0.0857907	399.801	451.571	2.03298	0.689271	0.912276	256.534	1.22800	undefined	undefined	vapor
285.000	6.10246	11.7932	0.0847949	399.749	451.494	2.03067	0.689463	0.912905	256.464	1.22824	undefined	undefined	vapor
285.000	6.17050	11.9302	0.0838210	399.696	451.418	2.02839	0.689655	0.913537	256.394	1.22849	undefined	undefined	vapor
285.000	6.23853	12.0673	0.0828684	399.644	451.342	2.02613	0.689848	0.914170	256.324	1.22873	undefined	undefined	vapor
285.000	6.30656	12.2046	0.0819362	399.592	451.265	2.02390	0.690042	0.914806	256.254	1.22897	undefined	undefined	vapor
285.000	6.37459	12.3420	0.0810239	399.539	451.189	2.02169	0.690236	0.915443	256.184	1.22921	undefined	undefined	vapor
285.000	6.44263	12.4796	0.0801309	399.487	451.112	2.01949	0.690430	0.916082	256.114	1.22945	undefined	undefined	vapor
285.000	6.51066	12.6173	0.0792565	399.434	451.035	2.01732	0.690625	0.916723	256.044	1.22969	undefined	undefined	vapor
285.000	6.57869	12.7551	0.0784001	399.382	450.959	2.01517	0.690820	0.917365	255.973	1.22994	undefined	undefined	vapor
285.000	6.64673	12.8930	0.0775613	399.329	450.882	2.01304	0.691016	0.918010	255.903	1.23018	undefined	undefined	vapor
285.000	6.71476	13.0311	0.0767394	399.276	450.805	2.01093	0.691212	0.918656	255.832	1.23042	undefined	undefined	vapor
285.000	6.78279	13.1693	0.0759340	399.224	450.728	2.00884	0.691409	0.919305	255.762	1.23066	undefined	undefined	vapor
285.000	6.85082	13.3077	0.0751446	399.171	450.651	2.00676	0.691606	0.919955	255.692	1.23090	undefined	undefined	vapor
285.000	6.91886	13.4462	0.0743706	399.118	450.574	2.00471	0.691804	0.920607	255.621	1.23114	undefined	undefined	vapor
285.000	6.98689	13.5848	0.0736118	399.065	450.497	2.00267	0.692002	0.921261	255.550	1.23138	undefined	undefined	vapor
285.000	7.05492	13.7235	0.0728675	399.012	450.420	2.00065	0.692201	0.921918	255.480	1.23162	undefined	undefined	vapor
285.000	7.12295	13.8624	0.0721374	398.959	450.342	1.99865	0.692400	0.922576	255.409	1.23186	undefined	undefined	vapor
285.000	7.19099	14.0015	0.0714211	398.906	450.265	1.99667	0.692600	0.923235	255.338	1.23210	undefined	undefined	vapor
285.000	7.25902	14.1406	0.0707182	398.853	450.188	1.99470	0.692800	0.923897	255.267	1.23234	undefined	undefined	vapor
285.000	7.32705	14.2799	0.0700284	398.800	450.110	1.99275	0.693001	0.924561	255.197	1.23258	undefined	undefined	vapor
285.000	7.39509	14.4194	0.0693512	398.747	450.033	1.99081	0.693203	0.925227	255.126	1.23282	undefined	undefined	vapor
285.000	7.46312	14.5589	0.0686863	398.694	449.955	1.98889	0.693404	0.925895	255.055	1.23306	undefined	undefined	vapor
285.000	7.53115	14.6987	0.0680334	398.640	449.877	1.98699	0.693607	0.926565	254.984	1.23330	undefined	undefined	vapor
285.000	7.59918	14.8385	0.0673922	398.587	449.799	1.98510	0.693809	0.927236	254.912	1.23354	undefined	undefined	vapor
285.000	7.66722	14.9785	0.0667623	398.533	449.722	1.98322	0.694013	0.927910	254.841	1.23378	undefined	undefined	vapor
285.000	7.73525	15.1186	0.0661435	398.480	449.644	1.98136	0.694217	0.928586	254.770	1.23402	undefined	undefined	vapor
285.000	7.80328	15.2589	0.0655355	398.426	449.566	1.97952	0.694421	0.929264	254.699	1.23426	undefined	undefined	vapor
285.000	7.87132	15.3993	0.0649380	398.373	449.488	1.97769	0.694626	0.929944	254.627	1.23450	undefined	undefined	vapor
285.000	7.93935	15.5399	0.0643506	398.319	449.410	1.97587	0.694831	0.930626	254.556	1.23473	undefined	undefined	vapor
285.000	8.00738	15.6806	0.0637733	398.266	449.331	1.97406	0.695037	0.931310	254.485	1.23497	undefined	undefined	vapor
285.000	8.07541	15.8214	0.0632056	398.212	449.253	1.97227	0.695244	0.931996	254.413	1.23521	undefined	undefined	vapor
285.000	8.14345	15.9624	0.0626474	398.158	449.175	1.97050	0.695451	0.932684	254.342	1.23545	undefined	undefined	vapor
285.000	8.21148	16.1035	0.0620984	398.104	449.096	1.96873	0.695658	0.933374	254.270	1.23569	undefined	undefined	vapor
285.000	8.27951	16.2447	0.0615584	398.050	449.018	1.96698	0.695866	0.934066	254.198	1.23593	undefined	undefined	vapor
285.000	8.34755	16.3861	0.0610272	397.996	448.939	1.96524	0.696074	0.934760	254.127	1.23616	undefined	undefined	vapor
285.000	8.41558	16.5277	0.0605046	397.942	448.860	1.96352	0.696284	0.935456	254.055	1.23640	undefined	undefined	vapor
285.000	8.48361	16.6694	0.0599903	397.888	448.782	1.96180	0.696493	0.936155	253.983	1.23664	undefined	undefined	vapor
285.000	8.55164	16.8112	0.0594842	397.834	448.703	1.96010	0.696703	0.936855	253.911	1.23688	undefined	undefined	vapor
285.000	8.61968	16.9532	0.0589861	397.780	448.624	1.95841	0.696914	0.937558	253.839	1.23711	undefined	undefined	vapor
285.000	8.68771	17.0953	0.0584957	397.726	448.545	1.95673	0.697125	0.938263	253.767	1.23735	undefined	undefined	vapor
285.000	8.75574	17.2375	0.0580130	397.671	448.466	1.95506	0.697337	0.938970	253.695	1.23759	undefined	undefined	vapor
285.000	8.82378	17.3799	0.0575376	397.617	448.387	1.95341	0.697549	0.939679	253.623	1.23783	undefined	undefined	vapor
285.000	8.89181	17.5225	0.0570695	397.563	448.308	1.95176	0.697762	0.940390	253.551	1.23806	undefined	undefined	vapor
285.000	8.95984	17.6652	0.0566085	397.508	448.229	1.95012	0.697975	0.941104	253.478	1.23830	undefined	undefined	vapor
285.000	9.02787	17.8080	0.0561545	397.454	448.149	1.94850	0.698189	0.941819	253.406	1.23854	undefined	undefined	vapor
285.000	9.09591	17.9510	0.0557072	397.399	448.070	1.94689	0.698403	0.942537	253.334	1.23877	undefined	undefined	vapor
285.000	9.16394	18.0941	0.0552665	397.345	447.990	1.94528	0.698618	0.943257	253.261	1.23901	undefined	undefined	vapor
285.000	9.23197	18.2374	0.0548323	397.290	447.911	1.94369	0.698833	0.943979	253.189	1.23924	undefined	undefined	vapor
285.000	9.30001	18.3809	0.0544044	397.235	447.831	1.94211	0.699049	0.944704	253.116	1.23948	undefined	undefined	vapor
285.000	9.36804	18.5244	0.0539828	397.180	447.752	1.94053	0.699266	0.945430	253.044	1.23972	undefined	undefined	vapor
285.000	9.43607	18.6682	0.0535671	397.125	447.672	1.93897	0.699483	0.946159	252.971	1.23995	undefined	undefined	vapor
285.000	9.50410	18.8120	0.0531574	397.071	447.592	1.93742	0.699701	0.946890	252.898	1.24019	undefined	undefined	vapor
285.000	9.57214	18.9561	0.0527536	397.016	447.512	1.93587	0.699919	0.947624	252.826	1.24042	undefined	undefined	vapor
285.000	9.64017	19.1002	0.0523554	396.961	447.432	1.93434	0.700138	0.948359	252.753	1.24066	undefined	undefined	vapor
285.000	9.70820	19.2446	0.0519627	396.905	447.352	1.93281	0.700357	0.949097	252.680	1.24089	undefined	undefined	vapor
285.000	9.77624	19.3890	0.0515755	396.850	447.272	1.93129	0.700577	0.949837	252.607	1.24113	undefined	undefined	vapor
285.000	9.84427	19.5337	0.0511937	396.795	447.191	1.92978	0.700797	0.950580	252.534	1.24136	undefined	undefined	vapor
285.000	9.91230	19.6784	0.0508170	396.740	447.111	1.92829	0.701018	0.951324	252.461	1.24160	undefined	undefined	vapor
285.000	9.98033	19.8234	0.0504455	396.684	447.031	1.92679	0.701240	0.952071	252.388	1.24183	undefined	undefined	vapor
285.000	10.0484	19.9685	0.0500790	396.629	446.950	1.92531	0.701462	0.952821	252.314	1.24207	undefined	undefined	vapor
285.000	10.1164	20.1137	0.0497174	396.574	446.870	1.92384	0.701685	0.953573	252.241	1.24230	undefined	undefined	vapor
285.000	10.1844	20.2591	0.0493606	396.518	446.789	1.92237	0.701908	0.954327	252.168	1.24254	undefined	undefined	vapor
285.000	10.2525	20.4046	0.0490085	396.463	446.708	1.92092	0.702132	0.955083	252.094	1.24277	undefined	undefined	vapor
285.000	10.3205	20.5503	0.0486611	396.407	446.628	1.91947	0.702356	0.955842	252.021	1.24300	undefined	undefined	vapor
285.000	10.3885	20.6962	0.0483181	396.351	446.547	1.91803	0.702581	0.956603	251.947	1.24324	undefined	undefined	vapor
285.000	10.4566	20.8422	0.0479797	396.296	446.466	1.91659	0.702807	0.957366	251.874	1.24347	undefined	undefined	vapor
285.000	10.5246	20.9883	0.0476455	396.240	446.385	1.91517	0.703033	0.958132	251.800	1.24371	undefined	undefined	vapor
285.000	10.5926	21.1346	0.0473157	396.184	446.304	1.91375	0.703259	0.958901	251.727	1.24394	undefined	undefined	vapor
285.000	10.6607	21.2811	0.0469900	396.128	446.222	1.91234	0.703487	0.959671	251.653	1.24417	undefined	undefined	vapor
285.000	10.7287	21.4277	0.0466685	396.072	446.141	1.91094	0.703714	0.960444	251.579	1.24441	undefined	undefined	vapor
285.000	10.7967	21.5745	0.0463510	396.016	446.060	1.90954	0.703943	0.961220	251.505	1.24464	undefined	undefined	vapor
285.000	10.8648	21.7215	0.0460374	395.960	445.978	1.90815	0.704172	0.961998	251.431	1.24487	undefined	undefined	vapor
285.000	10.9328	21.8686	0.0457277	395.904	445.897	1.90677	0.704401	0.962778	251.357	1.24510	undefined	undefined	vapor
285.000	11.0008	22.0158	0.0454219	395.847	445.815	1.90540	0.704631	0.963561	251.283	1.24534	undefined	undefined	vapor
285.000	11.0689	22.1632	0.0451198	395.791	445.734	1.90403	0.704862	0.964347	251.209	1.24557	undefined	undefined	vapor
285.000	11.1369	22.3108	0.0448213	395.735	445.652	1.90267	0.705093	0.965135	251.135	1.24580	undefined	undefined	vapor
285.000	11.2049	22.4585	0.0445265	395.678	445.570	1.90131	0.705325	0.965925	251.060	1.24603	undefined	undefined	vapor
285.000	11.2730	22.6064	0.0442352	395.622	445.488	1.89997	0.705558	0.966718	250.986	1.24627	undefined	undefined	vapor
285.000	11.3410	22.7545	0.0439474	395.565	445.406	1.89863	0.705791	0.967513	250.911	1.24650	undefined	undefined	vapor
285.000	11.4090	22.9027	0.0436630	395.509	445.324	1.89729	0.706025	0.968311	250.837	1.24673	undefined	undefined	vapor
285.000	11.4771	23.0511	0.0433819	395.452	445.242	1.89597	0.706259	0.969112	250.762	1.24696	undefined	undefined	vapor
285.000	11.5451	23.1996	0.0431041	395.395	445.160	1.89465	0.706494	0.969915	250.688	1.24719	undefined	undefined	vapor
285.000	11.6131	23.3483	0.0428296	395.339	445.077	1.89333	0.706729	0.970720	250.613	1.24743	undefined	undefined	vapor
285.000	11.6812	23.4972	0.0425583	395.282	444.995	1.89202	0.706966	0.971529	250.538	1.24766	undefined	undefined	vapor
285.000	11.7492	23.6462	0.0422901	395.225	444.912	1.89072	0.707202	0.972339	250.464	1.24789	undefined	undefined	vapor
285.000	11.8172	23.7954	0.0420249	395.168	444.830	1.88942	0.707440	0.973153	250.389	1.24812	undefined	undefined	vapor
285.000	11.8853	23.9448	0.0417628	395.111	444.747	1.88813	0.707677	0.973969	250.314	1.24835	undefined	undefined	vapor
285.000	11.9533	24.0943	0.0415036	395.054	444.664	1.88685	0.707916	0.974787	250.239	1.24858	undefined	undefined	vapor
285.000	12.0213	24.2440	0.0412474	394.997	444.581	1.88557	0.708155	0.975609	250.164	1.24881	undefined	undefined	vapor
285.000	12.0894	24.3938	0.0409940	394.939	444.498	1.88430	0.708395	0.976433	250.089	1.24904	undefined	undefined	vapor
285.000	12.1574	24.5438	0.0407434	394.882	444.415	1.88303	0.708635	0.977259	250.013	1.24927	undefined	undefined	vapor
285.000	12.2254	24.6940	0.0404956	394.825	444.332	1.88177	0.708876	0.978089	249.938	1.24950	undefined	undefined	vapor
285.000	12.2935	24.8444	0.0402506	394.767	444.249	1.88052	0.709118	0.978921	249.863	1.24973	undefined	undefined	vapor
285.000	12.3615	24.9949	0.0400082	394.710	444.166	1.87926	0.709360	0.979755	249.787	1.24996	undefined	undefined	vapor
285.000	12.4295	25.1456	0.0397684	394.652	444.083	1.87802	0.709603	0.980593	249.712	1.25019	undefined	undefined	vapor
285.000	12.4975	25.2964	0.0395313	394.595	443.999	1.87678	0.709846	0.981433	249.636	1.25042	undefined	undefined	vapor
285.000	12.5656	25.4474	0.0392967	394.537	443.916	1.87555	0.710091	0.982276	249.561	1.25065	undefined	undefined	vapor
285.000	12.6336	25.5986	0.0390646	394.479	443.832	1.87432	0.710335	0.983121	249.485	1.25088	undefined	undefined	vapor
285.000	12.7016	25.7500	0.0388349	394.421	443.748	1.87309	0.710581	0.983969	249.409	1.25111	undefined	undefined	vapor
285.000	12.7697	25.9015	0.0386078	394.364	443.664	1.87188	0.710827	0.984821	249.333	1.25134	undefined	undefined	vapor
285.000	12.8377	26.0532	0.0383829	394.306	443.581	1.87066	0.711073	0.985675	249.257	1.25157	undefined	undefined	vapor
285.000	12.9057	26.2051	0.0381605	394.248	443.497	1.86946	0.711321	0.986531	249.181	1.25180	undefined	undefined	vapor
285.000	12.9738	26.3572	0.0379404	394.190	443.413	1.86825	0.711569	0.987391	249.105	1.25202	undefined	undefined	vapor
285.000	13.0418	26.5094	0.0377225	394.131	443.328	1.86705	0.711817	0.988253	249.029	1.25225	undefined	undefined	vapor
285.000	13.1098	26.6618	0.0375069	394.073	443.244	1.86586	0.712066	0.989118	248.953	1.25248	undefined	undefined	vapor
285.000	13.1779	26.8143	0.0372935	394.015	443.160	1.86467	0.712316	0.989986	248.877	1.25271	undefined	undefined	vapor
285.000	13.2459	26.9671	0.0370822	393.957	443.075	1.86349	0.712567	0.990857	248.801	1.25294	undefined	undefined	vapor
285.000	13.3139	27.1200	0.0368732	393.898	442.991	1.86231	0.712818	0.991731	248.724	1.25317	undefined	undefined	vapor
285.000	13.3820	27.2731	0.0366662	393.840	442.906	1.86113	0.713070	0.992608	248.648	1.25339	undefined	undefined	vapor
285.000	13.4500	27.4264	0.0364613	393.781	442.822	1.85996	0.713322	0.993488	248.571	1.25362	undefined	undefined	vapor
285.000	13.5180	27.5798	0.0362584	393.723	442.737	1.85880	0.713575	0.994370	248.494	1.25385	undefined	undefined	vapor
285.000	13.5861	27.7334	0.0360576	393.664	442.652	1.85764	0.713829	0.995256	248.418	1.25408	undefined	undefined	vapor
285.000	13.6541	27.8872	0.0358587	393.605	442.567	1.85648	0.714083	0.996144	248.341	1.25430	undefined	undefined	vapor
285.000	13.7221	28.0412	0.0356618	393.546	442.482	1.85533	0.714338	0.997036	248.264	1.25453	undefined	undefined	vapor
285.000	13.7902	28.1953	0.0354669	393.487	442.397	1.85418	0.714594	0.997930	248.187	1.25476	undefined	undefined	vapor
285.000	13.8582	28.3497	0.0352738	393.428	442.312	1.85304	0.714850	0.998827	248.110	1.25498	undefined	undefined	vapor
285.000	13.9262	28.5042	0.0350826	393.369	442.226	1.85190	0.715107	0.999728	248.033	1.25521	undefined	undefined	vapor
285.000	13.9943	28.6589	0.0348932	393.310	442.141	1.85076	0.715365	1.00063	247.956	1.25544	undefined	undefined	vapor
285.000	14.0623	28.8137	0.0347057	393.251	442.055	1.84963	0.715624	1.00154	247.879	1.25566	undefined	undefined	vapor
285.000	14.1303	28.9688	0.0345199	393.192	441.970	1.84851	0.715883	1.00245	247.802	1.25589	undefined	undefined	vapor
285.000	14.1984	29.1240	0.0343359	393.133	441.884	1.84738	0.716142	1.00336	247.724	1.25612	undefined	undefined	vapor
285.000	14.2664	29.2794	0.0341537	393.073	441.798	1.84627	0.716403	1.00428	247.647	1.25634	undefined	undefined	vapor
285.000	14.3344	29.4350	0.0339731	393.014	441.712	1.84515	0.716664	1.00519	247.569	1.25657	undefined	undefined	vapor
285.000	14.4025	29.5908	0.0337943	392.954	441.626	1.84404	0.716926	1.00612	247.492	1.25679	undefined	undefined	vapor
285.000	14.4705	29.7468	0.0336171	392.895	441.540	1.84293	0.717188	1.00704	247.414	1.25702	undefined	undefined	vapor
285.000	14.5385	29.9029	0.0334415	392.835	441.454	1.84183	0.717451	1.00797	247.337	1.25724	undefined	undefined	vapor
285.000	14.6066	30.0593	0.0332676	392.775	441.368	1.84073	0.717715	1.00890	247.259	1.25747	undefined	undefined	vapor
285.000	14.6746	30.2158	0.0330953	392.715	441.282	1.83964	0.717980	1.00984	247.181	1.25769	undefined	undefined	vapor
285.000	14.7426	30.3725	0.0329245	392.656	441.195	1.83855	0.718245	1.01077	247.103	1.25792	undefined	undefined	vapor
285.000	14.8107	30.5294	0.0327553	392.596	441.109	1.83746	0.718511	1.01171	247.025	1.25814	undefined	undefined	vapor
285.000	14.8787	30.6865	0.0325877	392.536	441.022	1.83637	0.718778	1.01266	246.947	1.25837	undefined	undefined	vapor
285.000	14.9467	30.8437	0.0324215	392.476	440.935	1.83529	0.719045	1.01361	246.869	1.25859	undefined	undefined	vapor
285.000	15.0148	31.0012	0.0322568	392.415	440.848	1.83422	0.719313	1.01456	246.790	1.25882	undefined	undefined	vapor
285.000	15.0828	31.1588	0.0320936	392.355	440.761	1.83314	0.719582	1.01551	246.712	1.25904	undefined	undefined	vapor
285.000	15.1508	31.3167	0.0319319	392.295	440.674	1.83207	0.719851	1.01647	246.634	1.25927	undefined	undefined	vapor
285.000	15.2189	31.4747	0.0317716	392.234	440.587	1.83101	0.720121	1.01743	246.555	1.25949	undefined	undefined	vapor
285.000	15.2869	31.6329	0.0316127	392.174	440.500	1.82995	0.720392	1.01839	246.477	1.25971	undefined	undefined	vapor
285.000	15.3549	31.7913	0.0314551	392.113	440.413	1.82889	0.720664	1.01936	246.398	1.25994	undefined	undefined	vapor
285.000	15.4230	31.9499	0.0312990	392.053	440.325	1.82783	0.720936	1.02033	246.319	1.26016	undefined	undefined	vapor
285.000	15.4910	32.1087	0.0311442	391.992	440.238	1.82678	0.721209	1.02130	246.240	1.26038	undefined	undefined	vapor
285.000	15.5590	32.2677	0.0309908	391.931	440.150	1.82573	0.721483	1.02228	246.161	1.26061	undefined	undefined	vapor
285.000	15.6271	32.4269	0.0308386	391.871	440.062	1.82468	0.721757	1.02326	246.082	1.26083	undefined	undefined	vapor
285.000	15.6951	32.5862	0.0306878	391.810	439.975	1.82364	0.722032	1.02425	246.003	1.26105	undefined	undefined	vapor
285.000	15.7631	32.7458	0.0305383	391.749	439.887	1.82260	0.722308	1.02523	245.924	1.26128	undefined	undefined	vapor
285.000	15.8312	32.9056	0.0303900	391.688	439.799	1.82157	0.722585	1.02622	245.845	1.26150	undefined	undefined	vapor
285.000	15.8992	33.0655	0.0302430	391.627	439.710	1.82053	0.722862	1.02722	245.766	1.26172	undefined	undefined	vapor
285.000	15.9672	33.2257	0.0300972	391.565	439.622	1.81950	0.723140	1.02822	245.686	1.26194	undefined	undefined	vapor
285.000	16.0353	33.3861	0.0299526	391.504	439.534	1.81848	0.723419	1.02922	245.607	1.26216	undefined	undefined	vapor
285.000	16.1033	33.5466	0.0298093	391.443	439.445	1.81745	0.723699	1.03022	245.527	1.26239	undefined	undefined	vapor
285.000	16.1713	33.7074	0.0296671	391.381	439.357	1.81643	0.723979	1.03123	245.448	1.26261	undefined	undefined	vapor
285.000	16.2394	33.8683	0.0295261	391.320	439.268	1.81542	0.724260	1.03224	245.368	1.26283	undefined	undefined	vapor
285.000	16.3074	34.0295	0.0293863	391.258	439.180	1.81440	0.724542	1.03326	245.288	1.26305	undefined	undefined	vapor
285.000	16.3754	34.1908	0.0292476	391.197	439.091	1.81339	0.724825	1.03428	245.209	1.26327	undefined	undefined	vapor
285.000	16.4435	34.3524	0.0291101	391.135	439.002	1.81238	0.725108	1.03530	245.129	1.26350	undefined	undefined	vapor
285.000	16.5115	34.5141	0.0289736	391.073	438.913	1.81137	0.725392	1.03633	245.049	1.26372	undefined	undefined	vapor
285.000	16.5795	34.6761	0.0288383	391.011	438.824	1.81037	0.725677	1.03736	244.968	1.26394	undefined	undefined	vapor
285.000	16.6476	34.8383	0.0287041	390.949	438.734	1.80937	0.725963	1.03839	244.888	1.26416	undefined	undefined	vapor
285.000	16.7156	35.0006	0.0285709	390.887	438.645	1.80837	0.726249	1.03943	244.808	1.26438	undefined	undefined	vapor
285.000	16.7836	35.1632	0.0284388	390.825	438.556	1.80738	0.726536	1.04047	244.728	1.26460	undefined	undefined	vapor
285.000	16.8517	35.3260	0.0283078	390.763	438.466	1.80639	0.726824	1.04152	244.647	1.26482	undefined	undefined	vapor
285.000	16.9197	35.4890	0.0281778	390.700	438.376	1.80540	0.727113	1.04257	244.567	1.26504	undefined	undefined	vapor
285.000	16.9877	35.6522	0.0280488	390.638	438.286	1.80441	0.727402	1.04362	244.486	1.26526	undefined	undefined	vapor
285.000	17.0557	35.8156	0.0279208	390.576	438.197	1.80343	0.727692	1.04468	244.405	1.26548	undefined	undefined	vapor
285.000	17.1238	35.9792	0.0277939	390.513	438.107	1.80245	0.727983	1.04574	244.325	1.26570	undefined	undefined	vapor
285.000	17.1918	36.1430	0.0276679	390.450	438.016	1.80147	0.728275	1.04680	244.244	1.26592	undefined	undefined	vapor
285.000	17.2598	36.3070	0.0275429	390.388	437.926	1.80050	0.728568	1.04787	244.163	1.26614	undefined	undefined	vapor
285.000	17.3279	36.4713	0.0274188	390.325	437.836	1.79952	0.728861	1.04894	244.082	1.26636	undefined	undefined	vapor
285.000	17.3959	36.6357	0.0272958	390.262	437.746	1.79855	0.729155	1.05002	244.000	1.26658	undefined	undefined	vapor
285.000	17.4639	36.8004	0.0271736	390.199	437.655	1.79759	0.729450	1.05110	243.919	1.26680	undefined	undefined	vapor
285.000	17.5320	36.9652	0.0270524	390.136	437.564	1.79662	0.729746	1.05218	243.838	1.26702	undefined	undefined	vapor
285.000	17.6000	37.1303	0.0269322	390.073	437.474	1.79566	0.730042	1.05327	243.757	1.26724	undefined	undefined	vapor
285.000	17.6680	37.2956	0.0268128	390.010	437.383	1.79470	0.730339	1.05436	243.675	1.26745	undefined	undefined	vapor
285.000	17.7361	37.4612	0.0266943	389.947	437.292	1.79374	0.730638	1.05545	243.594	1.26767	undefined	undefined	vapor
285.000	17.8041	37.6269	0.0265767	389.883	437.201	1.79278	0.730937	1.05655	243.512	1.26789	undefined	undefined	vapor
285.000	17.8721	37.7928	0.0264600	389.820	437.110	1.79183	0.731236	1.05766	243.430	1.26811	undefined	undefined	vapor
285.000	17.9402	37.9590	0.0263442	389.756	437.018	1.79088	0.731537	1.05876	243.348	1.26833	undefined	undefined	vapor
285.000	18.0082	38.1254	0.0262292	389.693	436.927	1.78993	0.731838	1.05988	243.266	1.26855	undefined	undefined	vapor
285.000	18.0762	38.2920	0.0261151	389.629	436.835	1.78899	0.732140	1.06099	243.184	1.26876	undefined	undefined	vapor
285.000	18.1443	38.4588	0.0260018	389.565	436.744	1.78804	0.732443	1.06211	243.102	1.26898	undefined	undefined	vapor
285.000	18.2123	38.6259	0.0258894	389.501	436.652	1.78710	0.732747	1.06324	243.020	1.26920	undefined	undefined	vapor
285.000	18.2803	38.7931	0.0257778	389.437	436.560	1.78616	0.733052	1.06437	242.938	1.26942	undefined	undefined	vapor
285.000	18.3484	38.9606	0.0256670	389.373	436.468	1.78523	0.733357	1.06550	242.855	1.26963	undefined	undefined	vapor
285.000	18.4164	39.1283	0.0255569	389.309	436.376	1.78429	0.733664	1.06664	242.773	1.26985	undefined	undefined	vapor
285.000	18.4844	39.2962	0.0254477	389.245	436.284	1.78336	0.733971	1.06778	242.690	1.27007	undefined	undefined	vapor
285.000	18.5525	39.4644	0.0253393	389.181	436.191	1.78243	0.734279	1.06892	242.608	1.27028	undefined	undefined	vapor
285.000	18.6205	39.6328	0.0252317	389.116	436.099	1.78150	0.734588	1.07007	242.525	1.27050	undefined	undefined	vapor
285.000	18.6885	39.8014	0.0251248	389.052	436.006	1.78057	0.734897	1.07123	242.442	1.27072	undefined	undefined	vapor
285.000	18.7566	39.9702	0.0250186	388.987	435.914	1.77965	0.735208	1.07239	242.359	1.27093	undefined	undefined	vapor
285.000	18.8246	40.1393	0.0249133	388.923	435.821	1.77873	0.735519	1.07355	242.276	1.27115	undefined	undefined	vapor
285.000	18.8926	40.3085	0.0248086	388.858	435.728	1.77781	0.735831	1.07472	242.193	1.27137	undefined	undefined	vapor
285.000	18.9607	40.4781	0.0247047	388.793	435.635	1.77689	0.736145	1.07589	242.110	1.27158	undefined	undefined	vapor
285.000	19.0287	40.6478	0.0246016	388.728	435.542	1.77598	0.736458	1.07706	242.026	1.27180	undefined	undefined	vapor
285.000	19.0967	40.8178	0.0244991	388.663	435.449	1.77506	0.736773	1.07824	241.943	1.27201	undefined	undefined	vapor
285.000	19.1648	40.9880	0.0243974	388.598	435.355	1.77415	0.737089	1.07943	241.859	1.27223	undefined	undefined	vapor
285.000	19.2328	41.1584	0.0242964	388.533	435.262	1.77324	0.737406	1.08062	241.776	1.27244	undefined	undefined	vapor
285.000	19.3008	41.3291	0.0241960	388.468	435.168	1.77234	0.737723	1.08181	241.692	1.27266	undefined	undefined	vapor
285.000	19.3689	41.5000	0.0240964	388.403	435.075	1.77143	0.738041	1.08301	241.608	1.27287	undefined	undefined	vapor
285.000	19.4369	41.6711	0.0239974	388.337	434.981	1.77053	0.738360	1.08422	241.524	1.27309	undefined	undefined	vapor
285.000	19.5049	41.8425	0.0238991	388.272	434.887	1.76963	0.738680	1.08542	241.440	1.27330	undefined	undefined	vapor
285.000	19.5730	42.0141	0.0238015	388.206	434.793	1.76873	0.739001	1.08664	241.356	1.27352	undefined	undefined	vapor
285.000	19.6410	42.1859	0.0237046	388.140	434.698	1.76783	0.739323	1.08785	241.272	1.27373	undefined	undefined	vapor
285.000	19.7090	42.3580	0.0236083	388.074	434.604	1.76693	0.739646	1.08908	241.188	1.27395	undefined	undefined	vapor
285.000	19.7771	42.5304	0.0235126	388.009	434.510	1.76604	0.739970	1.09030	241.103	1.27416	undefined	undefined	vapor
285.000	19.8451	42.7029	0.0234176	387.943	434.415	1.76515	0.740294	1.09154	241.019	1.27438	undefined	undefined	vapor
285.000	19.9131	42.8757	0.0233232	387.877	434.320	1.76426	0.740620	1.09277	240.934	1.27459	undefined	undefined	vapor
285.000	19.9812	43.0488	0.0232295	387.810	434.226	1.76337	0.740946	1.09401	240.850	1.27480	undefined	undefined	vapor
285.000	20.0492	43.2221	0.0231363	387.744	434.131	1.76248	0.741273	1.09526	240.765	1.27502	undefined	undefined	vapor
285.000	20.1172	43.3956	0.0230438	387.678	434.036	1.76160	0.741601	1.09651	240.680	1.27523	undefined	undefined	vapor
285.000	20.1853	43.5694	0.0229519	387.611	433.940	1.76072	0.741930	1.09777	240.595	1.27544	undefined	undefined	vapor
285.000	20.2533	43.7434	0.0228606	387.545	433.845	1.75983	0.742260	1.09903	240.510	1.27566	undefined	undefined	vapor
285.000	20.3213	43.9176	0.0227699	387.478	433.750	1.75895	0.742591	1.10029	240.425	1.27587	undefined	undefined	vapor
285.000	20.3894	44.0922	0.0226798	387.411	433.654	1.75808	0.742923	1.10156	240.339	1.27608	undefined	undefined	vapor
285.000	20.4574	44.2669	0.0225902	387.345	433.558	1.75720	0.743256	1.10284	240.254	1.27629	undefined	undefined	vapor
285.000	20.5254	44.4419	0.0225013	387.278	433.462	1.75633	0.743589	1.10412	240.169	1.27651	undefined	undefined	vapor
285.000	20.5935	44.6172	0.0224129	387.211	433.367	1.75545	0.743924	1.10541	240.083	1.27672	undefined	undefined	vapor
285.000	20.6615	44.7927	0.0223251	387.144	433.270	1.75458	0.744260	1.10670	239.997	1.27693	undefined	undefined	vapor
285.000	20.7295	44.9685	0.0222378	387.076	433.174	1.75371	0.744596	1.10800	239.911	1.27714	undefined	undefined	vapor
285.000	20.7976	45.1445	0.0221511	387.009	433.078	1.75285	0.744934	1.10930	239.826	1.27736	undefined	undefined	vapor
285.000	20.8656	45.3207	0.0220650	386.942	432.981	1.75198	0.745272	1.11060	239.739	1.27757	undefined	undefined	vapor
285.000	20.9336	45.4973	0.0219793	386.874	432.885	1.75111	0.745611	1.11192	239.653	1.27778	undefined	undefined	vapor
285.000	21.0017	45.6740	0.0218943	386.807	432.788	1.75025	0.745952	1.11323	239.567	1.27799	undefined	undefined	vapor
285.000	21.0697	45.8511	0.0218097	386.739	432.691	1.74939	0.746293	1.11456	239.481	1.27820	undefined	undefined	vapor
285.000	21.1377	46.0284	0.0217257	386.671	432.594	1.74853	0.746635	1.11588	239.394	1.27841	undefined	undefined	vapor
285.000	21.2058	46.2059	0.0216423	386.603	432.497	1.74767	0.746979	1.11722	239.308	1.27862	undefined	undefined	vapor
285.000	21.2738	46.3837	0.0215593	386.535	432.400	1.74681	0.747323	1.11856	239.221	1.27884	undefined	undefined	vapor
285.000	21.3418	46.5618	0.0214768	386.467	432.303	1.74596	0.747668	1.11990	239.134	1.27905	undefined	undefined	vapor
285.000	21.4099	46.7401	0.0213949	386.399	432.205	1.74511	0.748014	1.12125	239.048	1.27926	undefined	undefined	vapor
285.000	21.4779	46.9187	0.0213135	386.331	432.107	1.74425	0.748361	1.12261	238.961	1.27947	undefined	undefined	vapor
285.000	21.5459	47.0976	0.0212325	386.262	432.010	1.74340	0.748710	1.12397	238.873	1.27968	undefined	undefined	vapor
285.000	21.6139	47.2767	0.0211521	386.194	431.912	1.74255	0.749059	1.12533	238.786	1.27989	undefined	undefined	vapor
285.000	21.6820	47.4561	0.0210721	386.125	431.814	1.74170	0.749409	1.12671	238.699	1.28010	undefined	undefined	vapor
285.000	21.7500	47.6357	0.0209926	386.056	431.715	1.74086	0.749760	1.12808	238.612	1.28031	undefined	undefined	vapor
285.000	21.8180	47.8156	0.0209137	385.988	431.617	1.74001	0.750112	1.12947	238.524	1.28052	undefined	undefined	vapor
285.000	21.8861	47.9958	0.0208351	385.919	431.519	1.73917	0.750465	1.13086	238.436	1.28073	undefined	undefined	vapor
285.000	21.9541	48.1763	0.0207571	385.850	431.420	1.73833	0.750819	1.13225	238.349	1.28094	undefined	undefined	vapor
285.000	22.0221	48.3570	0.0206795	385.781	431.321	1.73749	0.751175	1.13365	238.261	1.28115	undefined	undefined	vapor
285.000	22.0902	48.5380	0.0206024	385.711	431.222	1.73665	0.751531	1.13506	238.173	1.28136	undefined	undefined	vapor
285.000	22.1582	48.7193	0.0205258	385.642	431.123	1.73581	0.751888	1.13647	238.085	1.28156	undefined	undefined	vapor
285.000	22.2262	48.9008	0.0204495	385.573	431.024	1.73497	0.752246	1.13789	237.996	1.28177	undefined	undefined	vapor
285.000	22.2943	49.0827	0.0203738	385.503	430.925	1.73413	0.752606	1.13931	237.908	1.28198	undefined	undefined	vapor
285.000	22.3623	49.2648	0.0202985	385.433	430.825	1.73330	0.752966	1.14074	237.820	1.28219	undefined	undefined	vapor
285.000	22.4303	49.4471	0.0202236	385.364	430.726	1.73247	0.753327	1.14218	237.731	1.28240	undefined	undefined	vapor
285.000	22.4984	49.6298	0.0201492	385.294	430.626	1.73164	0.753690	1.14362	237.642	1.28261	undefined	undefined	vapor
285.000	22.5664	49.8127	0.0200752	385.224	430.526	1.73081	0.754053	1.14507	237.554	1.28282	undefined	undefined	vapor
285.000	22.6344	49.9959	0.0200016	385.154	430.426	1.72998	0.754418	1.14653	237.465	1.28302	undefined	undefined	vapor
285.000	22.7025	50.1794	0.0199285	385.084	430.326	1.72915	0.754783	1.14799	237.376	1.28323	undefined	undefined	vapor
285.000	22.7705	50.3632	0.0198558	385.013	430.226	1.72832	0.755150	1.14945	237.287	1.28344	undefined	undefined	vapor
285.000	22.8385	50.5473	0.0197835	384.943	430.125	1.72750	0.755518	1.15093	237.197	1.28365	undefined	undefined	vapor
285.000	22.9066	50.7316	0.0197116	384.872	430.025	1.72667	0.755887	1.15241	237.108	1.28385	undefined	undefined	vapor
285.000	22.9746	50.9163	0.0196401	384.802	429.924	1.72585	0.756257	1.15389	237.019	1.28406	undefined	undefined	vapor
285.000	23.0426	51.1012	0.0195690	384.731	429.823	1.72503	0.756628	1.15538	236.929	1.28427	undefined	undefined	vapor
285.000	23.1107	51.2864	0.0194984	384.660	429.722	1.72421	0.757000	1.15688	236.839	1.28447	undefined	undefined	vapor
285.000	23.1787	51.4719	0.0194281	384.589	429.621	1.72339	0.757373	1.15839	236.749	1.28468	undefined	undefined	vapor
285.000	23.2467	51.6577	0.0193582	384.518	429.520	1.72257	0.757747	1.15990	236.659	1.28489	undefined	undefined	vapor
285.000	23.3148	51.8438	0.0192887	384.447	429.418	1.72175	0.758122	1.16142	236.569	1.28509	undefined	undefined	vapor
285.000	23.3828	52.0301	0.0192196	384.376	429.317	1.72093	0.758499	1.16294	236.479	1.28530	undefined	undefined	vapor
285.000	23.4508	52.2168	0.0191509	384.304	429.215	1.72012	0.758876	1.16448	236.389	1.28551	undefined	undefined	vapor
285.000	23.5189	52.4038	0.0190826	384.233	429.113	1.71931	0.759255	1.16601	236.298	1.28571	undefined	undefined	vapor
285.000	23.5869	52.5910	0.0190146	384.161	429.011	1.71849	0.759635	1.16756	236.208	1.28592	undefined	undefined	vapor
285.000	23.6549	52.7786	0.0189471	384.090	428.909	1.71768	0.760016	1.16911	236.117	1.28613	undefined	undefined	vapor
285.000	23.7230	52.9665	0.0188799	384.018	428.806	1.71687	0.760398	1.17067	236.026	1.28633	undefined	undefined	vapor
285.000	23.7910	53.1546	0.0188130	383.946	428.704	1.71606	0.760781	1.17223	235.935	1.28654	undefined	undefined	vapor
285.000	23.8590	53.3431	0.0187466	383.874	428.601	1.71525	0.761165	1.17381	235.844	1.28674	undefined	undefined	vapor
285.000	23.9271	53.5319	0.0186805	383.801	428.498	1.71444	0.761551	1.17539	235.753	1.28695	undefined	undefined	vapor
285.000	23.9951	53.7210	0.0186147	383.729	428.395	1.71364	0.761938	1.17697	235.662	1.28715	undefined	undefined	vapor
285.000	24.0631	53.9103	0.0185493	383.657	428.292	1.71283	0.762325	1.17857	235.570	1.28736	undefined	undefined	vapor
285.000	24.1312	54.1000	0.0184843	383.584	428.189	1.71203	0.762714	1.18017	235.479	1.28756	undefined	undefined	vapor
285.000	24.1992	54.2900	0.0184196	383.511	428.085	1.71122	0.763104	1.18177	235.387	1.28777	undefined	undefined	vapor
285.000	24.2672	54.4803	0.0183552	383.439	427.982	1.71042	0.763496	1.18339	235.295	1.28797	undefined	undefined	vapor
285.000	24.3353	54.6710	0.0182912	383.366	427.878	1.70962	0.763888	1.18501	235.203	1.28818	undefined	undefined	vapor
285.000	24.4033	54.8619	0.0182276	383.293	427.774	1.70882	0.764282	1.18664	235.111	1.28838	undefined	undefined	vapor
285.000	24.4713	55.0531	0.0181643	383.220	427.670	1.70802	0.764677	1.18828	235.019	1.28858	undefined	undefined	vapor
285.000	24.5394	55.2447	0.0181013	383.146	427.566	1.70722	0.765073	1.18992	234.926	1.28879	undefined	undefined	vapor
285.000	24.6074	55.4366	0.0180386	383.073	427.461	1.70642	0.765470	1.19157	234.834	1.28899	undefined	undefined	vapor
285.000	24.6754	55.6288	0.0179763	382.999	427.357	1.70563	0.765868	1.19323	234.741	1.28919	undefined	undefined	vapor
285.000	24.7435	55.8213	0.0179143	382.926	427.252	1.70483	0.766268	1.19490	234.649	1.28940	undefined	undefined	vapor
285.000	24.8115	56.0141	0.0178526	382.852	427.147	1.70404	0.766669	1.19657	234.556	1.28960	undefined	undefined	vapor
285.000	24.8795	56.2073	0.0177913	382.778	427.042	1.70324	0.767071	1.19826	234.463	1.28980	undefined	undefined	vapor
285.000	24.9476	56.4008	0.0177303	382.704	426.937	1.70245	0.767474	1.19995	234.370	1.29001	undefined	undefined	vapor
285.000	25.0156	56.5946	0.0176695	382.630	426.831	1.70166	0.767878	1.20164	234.276	1.29021	undefined	undefined	vapor
285.000	25.0836	56.7887	0.0176091	382.556	426.726	1.70087	0.768284	1.20335	234.183	1.29041	undefined	undefined	vapor
285.000	25.1517	56.9832	0.0175490	382.481	426.620	1.70007	0.768691	1.20506	234.089	1.29062	undefined	undefined	vapor
285.000	25.2197	57.1780	0.0174892	382.407	426.514	1.69928	0.769099	1.20678	233.996	1.29082	undefined	undefined	vapor
285.000	25.2877	57.3731	0.0174298	382.332	426.408	1.69850	0.769509	1.20851	233.902	1.29102	undefined	undefined	vapor
285.000	25.3558	57.5686	0.0173706	382.257	426.302	1.69771	0.769919	1.21025	233.808	1.29122	undefined	undefined	vapor
285.000	25.4238	57.7644	0.0173117	382.183	426.196	1.69692	0.770331	1.21200	233.714	1.29142	undefined	undefined	vapor
285.000	25.4918	57.9605	0.0172531	382.108	426.089	1.69613	0.770745	1.21375	233.619	1.29163	undefined	undefined	vapor
285.000	25.5599	58.1570	0.0171948	382.032	425.982	1.69535	0.771159	1.21551	233.525	1.29183	undefined	undefined	vapor
285.000	25.6279	58.3538	0.0171368	381.957	425.875	1.69456	0.771575	1.21728	233.430	1.29203	undefined	undefined	vapor
285.000	25.6959	58.5509	0.0170791	381.882	425.768	1.69378	0.771992	1.21906	233.336	1.29223	undefined	undefined	vapor
285.000	25.7640	58.7484	0.0170217	381.806	425.661	1.69300	0.772410	1.22085	233.241	1.29243	undefined	undefined	vapor
285.000	25.8320	58.9463	0.0169646	381.731	425.554	1.69221	0.772830	1.22264	233.146	1.29263	undefined	undefined	vapor
285.000	25.9000	59.1444	0.0169078	381.655	425.446	1.69143	0.773251	1.22445	233.051	1.29283	undefined	undefined	vapor
285.000	25.9680	59.3430	0.0168512	381.579	425.338	1.69065	0.773673	1.22626	232.956	1.29304	undefined	undefined	vapor
285.000	26.0361	59.5418	0.0167949	381.503	425.230	1.68987	0.774097	1.22808	232.860	1.29324	undefined	undefined	vapor
285.000	26.1041	59.7411	0.0167389	381.427	425.122	1.68909	0.774522	1.22991	232.765	1.29344	undefined	undefined	vapor
285.000	26.1721	59.9406	0.0166832	381.350	425.014	1.68831	0.774948	1.23175	232.669	1.29364	undefined	undefined	vapor
285.000	26.2402	60.1406	0.0166277	381.274	424.905	1.68753	0.775376	1.23360	232.573	1.29384	undefined	undefined	vapor
285.000	26.3082	60.3409	0.0165725	381.197	424.797	1.68676	0.775805	1.23545	232.477	1.29404	undefined	undefined	vapor
285.000	26.3762	60.5415	0.0165176	381.120	424.688	1.68598	0.776235	1.23732	232.381	1.29424	undefined	undefined	vapor
285.000	26.4443	60.7425	0.0164629	381.044	424.579	1.68520	0.776667	1.23920	232.285	1.29444	undefined	undefined	vapor
285.000	26.5123	60.9438	0.0164085	380.967	424.469	1.68443	0.777100	1.24108	232.188	1.29464	undefined	undefined	vapor
285.000	26.5803	61.1456	0.0163544	380.889	424.360	1.68365	0.777534	1.24297	232.092	1.29484	undefined	undefined	vapor
285.000	26.6484	61.3477	0.0163005	380.812	424.250	1.68288	0.777970	1.24488	231.995	1.29504	undefined	undefined	vapor
285.000	26.7164	61.5501	0.0162469	380.735	424.141	1.68210	0.778407	1.24679	231.898	1.29524	undefined	undefined	vapor
285.000	26.7844	61.7529	0.0161936	380.657	424.031	1.68133	0.778845	1.24871	231.801	1.29543	undefined	undefined	vapor
285.000	26.8525	61.9561	0.0161405	380.579	423.921	1.68056	0.779285	1.25064	231.704	1.29563	undefined	undefined	vapor
285.000	26.9205	62.1597	0.0160876	380.502	423.810	1.67979	0.779727	1.25258	231.607	1.29583	undefined	undefined	vapor
285.000	26.9885	62.3636	0.0160350	380.424	423.700	1.67902	0.780169	1.25453	231.509	1.29603	undefined	undefined	vapor
285.000	27.0566	62.5679	0.0159826	380.345	423.589	1.67824	0.780613	1.25649	231.412	1.29623	undefined	undefined	vapor
285.000	27.1246	62.7726	0.0159305	380.267	423.478	1.67747	0.781059	1.25846	231.314	1.29643	undefined	undefined	vapor
285.000	27.1926	62.9776	0.0158787	380.189	423.367	1.67671	0.781506	1.26044	231.216	1.29663	undefined	undefined	vapor
285.000	27.2607	63.1831	0.0158270	380.110	423.256	1.67594	0.781954	1.26243	231.118	1.29682	undefined	undefined	vapor
285.000	27.3287	63.3889	0.0157756	380.031	423.144	1.67517	0.782404	1.26443	231.020	1.29702	undefined	undefined	vapor
285.000	27.3967	63.5951	0.0157245	379.953	423.033	1.67440	0.782855	1.26644	230.921	1.29722	undefined	undefined	vapor
285.000	27.4648	63.8017	0.0156736	379.874	422.921	1.67363	0.783308	1.26846	230.823	1.29742	undefined	undefined	vapor
285.000	27.5328	64.0086	0.0156229	379.794	422.809	1.67287	0.783762	1.27049	230.724	1.29762	undefined	undefined	vapor
285.000	27.6008	64.2160	0.0155724	379.715	422.696	1.67210	0.784218	1.27253	230.625	1.29781	undefined	undefined	vapor
285.000	27.6689	64.4237	0.0155222	379.636	422.584	1.67133	0.784675	1.27458	230.526	1.29801	undefined	undefined	vapor
285.000	27.7369	64.6319	0.0154722	379.556	422.471	1.67057	0.785134	1.27664	230.427	1.29821	undefined	undefined	vapor
285.000	27.8049	64.8404	0.0154225	379.476	422.358	1.66980	0.785594	1.27871	230.327	1.29841	undefined	undefined	vapor
285.000	27.8730	65.0494	0.0153729	379.396	422.245	1.66904	0.786056	1.28079	230.228	1.29860	undefined	undefined	vapor
285.000	27.9410	65.2587	0.0153236	379.316	422.132	1.66828	0.786519	1.28289	230.128	1.29880	undefined	undefined	vapor
285.000	28.0090	65.4684	0.0152745	379.236	422.019	1.66751	0.786983	1.28499	230.028	1.29900	undefined	undefined	vapor
285.000	28.0771	65.6786	0.0152257	379.156	421.905	1.66675	0.787450	1.28711	229.928	1.29919	undefined	undefined	vapor
285.000	28.1451	65.8891	0.0151770	379.075	421.791	1.66599	0.787917	1.28923	229.828	1.29939	undefined	undefined	vapor
285.000	28.2131	66.1001	0.0151286	378.995	421.677	1.66523	0.788387	1.29137	229.728	1.29958	undefined	undefined	vapor
285.000	28.2812	66.3114	0.0150804	378.914	421.563	1.66446	0.788857	1.29352	229.627	1.29978	undefined	undefined	vapor
285.000	28.3492	66.5232	0.0150323	378.833	421.448	1.66370	0.789330	1.29568	229.526	1.29998	undefined	undefined	vapor
285.000	28.4172	66.7354	0.0149846	378.752	421.334	1.66294	0.789804	1.29785	229.425	1.30017	undefined	undefined	vapor
285.000	28.4853	66.9480	0.0149370	378.670	421.219	1.66218	0.790279	1.30004	229.324	1.30037	undefined	undefined	vapor
285.000	28.5533	67.1610	0.0148896	378.589	421.104	1.66142	0.790756	1.30223	229.223	1.30056	undefined	undefined	vapor
285.000	28.6213	67.3745	0.0148424	378.507	420.988	1.66066	0.791235	1.30444	229.122	1.30076	undefined	undefined	vapor
285.000	28.6894	67.5883	0.0147955	378.425	420.873	1.65990	0.791715	1.30665	229.020	1.30095	undefined	undefined	vapor
285.000	28.7574	67.8026	0.0147487	378.344	420.757	1.65914	0.792197	1.30888	228.918	1.30115	undefined	undefined	vapor
285.000	28.8254	68.0173	0.0147021	378.261	420.641	1.65839	0.792681	1.31113	228.816	1.30134	undefined	undefined	vapor
285.000	28.8935	68.2325	0.0146558	378.179	420.525	1.65763	0.793166	1.31338	228.714	1.30154	undefined	undefined	vapor
285.000	28.9615	68.4480	0.0146096	378.097	420.408	1.65687	0.793652	1.31565	228.612	1.30173	undefined	undefined	vapor
285.000	29.0295	68.6640	0.0145637	378.014	420.292	1.65611	0.794141	1.31793	228.510	1.30193	undefined	undefined	vapor
285.000	29.0976	68.8805	0.0145179	377.931	420.175	1.65536	0.794631	1.32022	228.407	1.30212	undefined	undefined	vapor
285.000	29.1656	69.0974	0.0144723	377.848	420.058	1.65460	0.795123	1.32252	228.304	1.30232	undefined	undefined	vapor
285.000	29.2336	69.3147	0.0144270	377.765	419.941	1.65384	0.795616	1.32484	228.201	1.30251	undefined	undefined	vapor
285.000	29.3017	69.5324	0.0143818	377.682	419.823	1.65309	0.796111	1.32717	228.098	1.30271	undefined	undefined	vapor
285.000	29.3697	69.7507	0.0143368	377.599	419.705	1.65233	0.796608	1.32951	227.995	1.30290	undefined	undefined	vapor
285.000	29.4377	69.9693	0.0142920	377.515	419.587	1.65158	0.797106	1.33186	227.891	1.30309	undefined	undefined	vapor
285.000	29.5058	70.1884	0.0142474	377.431	419.469	1.65082	0.797606	1.33423	227.787	1.30329	undefined	undefined	vapor
285.000	29.5738	70.4080	0.0142029	377.347	419.351	1.65006	0.798108	1.33661	227.683	1.30348	undefined	undefined	vapor
285.000	29.6418	70.6280	0.0141587	377.263	419.232	1.64931	0.798612	1.33901	227.579	1.30367	undefined	undefined	vapor
285.000	29.7099	70.8485	0.0141146	377.179	419.113	1.64856	0.799117	1.34142	227.475	1.30387	undefined	undefined	vapor
285.000	29.7779	71.0694	0.0140708	377.094	418.994	1.64780	0.799624	1.34384	227.370	1.30406	undefined	undefined	vapor
285.000	29.8459	71.2908	0.0140271	377.010	418.875	1.64705	0.800133	1.34627	227.266	1.30425	undefined	undefined	vapor
285.000	29.9140	71.5126	0.0139835	376.925	418.755	1.64629	0.800643	1.34872	227.161	1.30445	undefined	undefined	vapor
285.000	29.9820	71.7350	0.0139402	376.840	418.635	1.64554	0.801156	1.35119	227.056	1.30464	undefined	undefined	vapor
285.000	30.0500	71.9578	0.0138970	376.755	418.515	1.64479	0.801670	1.35366	226.950	1.30483	undefined	undefined	vapor
285.000	30.1181	72.1810	0.0138541	376.669	418.395	1.64403	0.802186	1.35615	226.845	1.30502	undefined	undefined	vapor
285.000	30.1861	72.4048	0.0138112	376.584	418.275	1.64328	0.802703	1.35866	226.739	1.30522	undefined	undefined	vapor
285.000	30.2541	72.6290	0.0137686	376.498	418.154	1.64253	0.803223	1.36118	226.633	1.30541	undefined	undefined	vapor
285.000	30.3222	72.8537	0.0137261	376.412	418.033	1.64177	0.803744	1.36371	226.527	1.30560	undefined	undefined	vapor
285.000	30.3902	73.0789	0.0136838	376.326	417.912	1.64102	0.804267	1.36626	226.421	1.30579	undefined	undefined	vapor
285.000	30.4582	73.3046	0.0136417	376.240	417.790	1.64027	0.804792	1.36883	226.315	1.30599	undefined	undefined	vapor
285.000	30.5262	73.5308	0.0135998	376.153	417.668	1.63952	0.805319	1.37141	226.208	1.30618	undefined	undefined	vapor
285.000	30.5943	73.7574	0.0135580	376.067	417.546	1.63876	0.805848	1.37400	226.101	1.30637	undefined	undefined	vapor
285.000	30.6623	73.9846	0.0135163	375.980	417.424	1.63801	0.806378	1.37661	225.994	1.30656	undefined	undefined	vapor
285.000	30.7303	74.2122	0.0134749	375.893	417.302	1.63726	0.806911	1.37924	225.887	1.30675	undefined	undefined	vapor
285.000	30.7984	74.4404	0.0134336	375.806	417.179	1.63651	0.807445	1.38188	225.779	1.30694	undefined	undefined	vapor
285.000	30.8664	74.6690	0.0133924	375.718	417.056	1.63576	0.807981	1.38453	225.672	1.30713	undefined	undefined	vapor
285.000	30.9344	74.8982	0.0133515	375.631	416.933	1.63501	0.808520	1.38720	225.564	1.30732	undefined	undefined	vapor
285.000	31.0025	75.1279	0.0133106	375.543	416.809	1.63425	0.809060	1.38989	225.456	1.30752	undefined	undefined	vapor
285.000	31.0705	75.3581	0.0132700	375.455	416.685	1.63350	0.809602	1.39260	225.347	1.30771	undefined	undefined	vapor
285.000	31.1385	75.5888	0.0132295	375.367	416.561	1.63275	0.810146	1.39532	225.239	1.30790	undefined	undefined	vapor
285.000	31.2066	75.8200	0.0131891	375.278	416.437	1.63200	0.810692	1.39805	225.130	1.30809	undefined	undefined	vapor
285.000	31.2746	76.0517	0.0131489	375.190	416.312	1.63125	0.811240	1.40081	225.021	1.30828	undefined	undefined	vapor
285.000	31.3426	76.2840	0.0131089	375.101	416.188	1.63050	0.811790	1.40358	224.912	1.30847	undefined	undefined	vapor
285.000	31.4107	76.5168	0.0130690	375.012	416.063	1.62975	0.812342	1.40637	224.803	1.30866	undefined	undefined	vapor
285.000	31.4787	76.7501	0.0130293	374.923	415.937	1.62899	0.812896	1.40917	224.693	1.30885	undefined	undefined	vapor
285.000	31.5467	76.9840	0.0129897	374.833	415.812	1.62824	0.813452	1.41199	224.583	1.30904	undefined	undefined	vapor
285.000	31.6148	77.2184	0.0129503	374.744	415.686	1.62749	0.814010	1.41483	224.473	1.30923	undefined	undefined	vapor
285.000	31.6828	77.4533	0.0129110	374.654	415.560	1.62674	0.814570	1.41769	224.363	1.30942	undefined	undefined	vapor
285.000	31.7508	77.6888	0.0128719	374.564	415.433	1.62599	0.815132	1.42056	224.252	1.30961	undefined	undefined	vapor
285.000	31.8189	77.9249	0.0128329	374.474	415.306	1.62524	0.815696	1.42345	224.142	1.30980	undefined	undefined	vapor
285.000	31.8869	78.1615	0.0127940	374.383	415.179	1.62449	0.816263	1.42636	224.031	1.30999	undefined	undefined	vapor
285.000	31.9549	78.3986	0.0127553	374.293	415.052	1.62373	0.816831	1.42929	223.920	1.31017	undefined	undefined	vapor
285.000	32.0230	78.6363	0.0127168	374.202	414.925	1.62298	0.817402	1.43224	223.808	1.31036	undefined	undefined	vapor
285.000	32.0910	78.8746	0.0126784	374.111	414.797	1.62223	0.817974	1.43521	223.697	1.31055	undefined	undefined	vapor
285.000	32.1590	79.1134	0.0126401	374.019	414.669	1.62148	0.818549	1.43819	223.585	1.31074	undefined	undefined	vapor
285.000	32.2271	79.3528	0.0126019	373.928	414.540	1.62073	0.819126	1.44120	223.473	1.31093	undefined	undefined	vapor
285.000	32.2951	79.5928	0.0125640	373.836	414.412	1.61998	0.819705	1.44422	223.360	1.31112	undefined	undefined	vapor
285.000	32.3631	79.8333	0.0125261	373.744	414.283	1.61922	0.820287	1.44726	223.248	1.31131	undefined	undefined	vapor
285.000	32.4312	80.0745	0.0124884	373.652	414.153	1.61847	0.820870	1.45033	223.135	1.31149	undefined	undefined	vapor
285.000	32.4992	80.3162	0.0124508	373.560	414.024	1.61772	0.821456	1.45341	223.022	1.31168	undefined	undefined	vapor
285.000	32.5672	80.5585	0.0124133	373.467	413.894	1.61697	0.822044	1.45651	222.909	1.31187	undefined	undefined	vapor
285.000	32.6353	80.8014	0.0123760	373.374	413.764	1.61621	0.822634	1.45963	222.795	1.31206	undefined	undefined	vapor
285.000	32.7033	81.0449	0.0123388	373.281	413.633	1.61546	0.823226	1.46278	222.681	1.31225	undefined	undefined	vapor
285.000	32.7713	81.2889	0.0123018	373.188	413.503	1.61471	0.823821	1.46594	222.567	1.31243	undefined	undefined	vapor
285.000	32.8394	81.5336	0.0122649	373.095	413.372	1.61396	0.824418	1.46913	222.453	1.31262	undefined	undefined	vapor
285.000	32.9074	81.7789	0.0122281	373.001	413.240	1.61320	0.825017	1.47233	222.339	1.31281	undefined	undefined	vapor
285.000	32.9754	82.0248	0.0121914	372.907	413.109	1.61245	0.825619	1.47556	222.224	1.31300	undefined	undefined	vapor
285.000	33.0435	82.2714	0.0121549	372.813	412.977	1.61170	0.826223	1.47881	222.109	1.31318	undefined	undefined	vapor
285.000	33.1115	82.5185	0.0121185	372.718	412.844	1.61094	0.826829	1.48208	221.994	1.31337	undefined	undefined	vapor
285.000	33.1795	82.7663	0.0120822	372.624	412.712	1.61019	0.827438	1.48538	221.878	1.31356	undefined	undefined	vapor
285.000	33.2476	83.0147	0.0120461	372.529	412.579	1.60943	0.828049	1.48869	221.762	1.31374	undefined	undefined	vapor
285.000	33.3156	83.2637	0.0120100	372.434	412.446	1.60868	0.828662	1.49203	221.646	1.31393	undefined	undefined	vapor
285.000	33.3836	83.5133	0.0119741	372.338	412.312	1.60792	0.829278	1.49539	221.530	1.31412	undefined	undefined	vapor
285.000	33.4517	83.7637	0.0119384	372.243	412.178	1.60717	0.829896	1.49878	221.414	1.31430	undefined	undefined	vapor
285.000	33.5197	84.0146	0.0119027	372.147	412.044	1.60641	0.830517	1.50218	221.297	1.31449	undefined	undefined	vapor
285.000	33.5877	84.2662	0.0118672	372.051	411.910	1.60566	0.831140	1.50562	221.180	1.31468	undefined	undefined	vapor
285.000	33.6558	84.5184	0.0118317	371.954	411.775	1.60490	0.831766	1.50907	221.062	1.31486	undefined	undefined	vapor
285.000	33.7238	84.7714	0.0117964	371.858	411.640	1.60415	0.832394	1.51255	220.945	1.31505	undefined	undefined	vapor
285.000	33.7918	85.0249	0.0117613	371.761	411.504	1.60339	0.833024	1.51605	220.827	1.31524	undefined	undefined	vapor
285.000	33.8599	85.2792	0.0117262	371.664	411.368	1.60263	0.833658	1.51958	220.709	1.31542	undefined	undefined	vapor
285.000	33.9279	85.5341	0.0116912	371.566	411.232	1.60188	0.834293	1.52314	220.590	1.31561	undefined	undefined	vapor
285.000	33.9959	85.7897	0.0116564	371.469	411.096	1.60112	0.834932	1.52671	220.472	1.31579	undefined	undefined	vapor
285.000	34.0640	86.0459	0.0116217	371.371	410.959	1.60036	0.835572	1.53032	220.353	1.31598	undefined	undefined	vapor
285.000	34.1320	86.3029	0.0115871	371.273	410.822	1.59960	0.836216	1.53395	220.233	1.31616	undefined	undefined	vapor
285.000	34.2000	86.5605	0.0115526	371.174	410.684	1.59884	0.836862	1.53760	220.114	1.31635	undefined	undefined	vapor
285.000	34.2681	86.8189	0.0115182	371.076	410.546	1.59808	0.837511	1.54129	219.994	1.31654	undefined	undefined	vapor
285.000	34.3361	87.0779	0.0114840	370.977	410.408	1.59732	0.838162	1.54500	219.874	1.31672	undefined	undefined	vapor
285.000	34.4041	87.3377	0.0114498	370.877	410.269	1.59656	0.838816	1.54873	219.754	1.31691	undefined	undefined	vapor
285.000	34.4722	87.5982	0.0114158	370.778	410.131	1.59580	0.839473	1.55250	219.633	1.31709	undefined	undefined	vapor
285.000	34.5402	87.8593	0.0113818	370.678	409.991	1.59504	0.840132	1.55629	219.512	1.31728	undefined	undefined	vapor
285.000	34.6082	88.1212	0.0113480	370.578	409.852	1.59428	0.840794	1.56011	219.391	1.31746	undefined	undefined	vapor
285.000	34.6763	88.3839	0.0113143	370.478	409.712	1.59352	0.841459	1.56396	219.269	1.31764	undefined	undefined	vapor
285.000	34.7443	88.6472	0.0112807	370.377	409.571	1.59276	0.842127	1.56783	219.147	1.31783	undefined	undefined	vapor
285.000	34.8123	88.9114	0.0112472	370.276	409.430	1.59199	0.842797	1.57174	219.025	1.31801	undefined	undefined	vapor
285.000	34.8804	89.1762	0.0112138	370.175	409.289	1.59123	0.843471	1.57567	218.903	1.31820	undefined	undefined	vapor
285.000	34.9484	89.4418	0.0111805	370.074	409.148	1.59047	0.844147	1.57964	218.780	1.31838	undefined	undefined	vapor
285.000	35.0164	89.7082	0.0111473	369.972	409.006	1.58970	0.844826	1.58363	218.657	1.31857	undefined	undefined	vapor
285.000	35.0844	89.9753	0.0111142	369.870	408.864	1.58894	0.845508	1.58766	218.533	1.31875	undefined	undefined	vapor
285.000	35.1525	90.2432	0.0110812	369.768	408.721	1.58817	0.846192	1.59171	218.410	1.31893	undefined	undefined	vapor
285.000	35.2205	90.5118	0.0110483	369.665	408.578	1.58741	0.846880	1.59580	218.286	1.31912	undefined	undefined	vapor
285.000	35.2885	90.7813	0.0110155	369.563	408.435	1.58664	0.847571	1.59992	218.161	1.31930	undefined	undefined	vapor
285.000	35.3566	91.0515	0.0109828	369.459	408.291	1.58587	0.848264	1.60407	218.037	1.31949	undefined	undefined	vapor
285.000	35.4246	91.3225	0.0109502	369.356	408.147	1.58511	0.848961	1.60826	217.912	1.31967	undefined	undefined	vapor
285.000	35.4926	91.5943	0.0109177	369.252	408.002	1.58434	0.849661	1.61247	217.786	1.31985	undefined	undefined	vapor
285.000	35.5607	91.8669	0.0108853	369.148	407.857	1.58357	0.850363	1.61672	217.661	1.32004	undefined	undefined	vapor
285.000	35.6287	92.1403	0.0108530	369.044	407.712	1.58280	0.851069	1.62101	217.535	1.32022	undefined	undefined	vapor
285.000	35.6967	92.4146	0.0108208	368.939	407.566	1.58203	0.851778	1.62533	217.409	1.32040	undefined	undefined	vapor
285.000	35.7648	92.6896	0.0107887	368.834	407.420	1.58126	0.852490	1.62968	217.282	1.32059	undefined	undefined	vapor
285.000	35.8328	92.9655	0.0107567	368.729	407.273	1.58049	0.853205	1.63407	217.155	1.32077	undefined	undefined	vapor
285.000	35.9008	93.2423	0.0107248	368.623	407.126	1.57971	0.853923	1.63849	217.028	1.32095	undefined	undefined	vapor
285.000	35.9689	93.5198	0.0106929	368.517	406.979	1.57894	0.854644	1.64295	216.900	1.32113	undefined	undefined	vapor
285.000	36.0369	93.7982	0.0106612	368.411	406.831	1.57817	0.855369	1.64744	216.772	1.32132	undefined	undefined	vapor
285.000	36.1049	94.0775	0.0106295	368.304	406.682	1.57739	0.856097	1.65198	216.644	1.32150	undefined	undefined	vapor
285.000	36.1730	94.3577	0.0105980	368.198	406.534	1.57662	0.856828	1.65655	216.515	1.32168	undefined	undefined	vapor
285.000	36.2410	94.6387	0.0105665	368.090	406.384	1.57584	0.857562	1.66115	216.386	1.32186	undefined	undefined	vapor
285.000	36.3090	94.9206	0.0105351	367.983	406.235	1.57506	0.858300	1.66580	216.257	1.32205	undefined	undefined	vapor
285.000	36.3771	95.2033	0.0105038	367.875	406.085	1.57429	0.859041	1.67048	216.127	1.32223	undefined	undefined	vapor
285.000	36.4451	95.4870	0.0104726	367.767	405.934	1.57351	0.859786	1.67521	215.997	1.32241	undefined	undefined	vapor
285.000	36.5131	95.7716	0.0104415	367.658	405.783	1.57273	0.860533	1.67997	215.867	1.32259	undefined	undefined	vapor
285.000	36.5812	96.0571	0.0104105	367.549	405.632	1.57195	0.861285	1.68478	215.736	1.32278	undefined	undefined	vapor
285.000	36.6492	96.3435	0.0103795	367.440	405.480	1.57117	0.862039	1.68963	215.605	1.32296	undefined	undefined	vapor
285.000	36.7172	96.6308	0.0103487	367.330	405.328	1.57039	0.862798	1.69451	215.473	1.32314	undefined	undefined	vapor
285.000	36.7853	96.9190	0.0103179	367.220	405.175	1.56960	0.863559	1.69944	215.341	1.32332	undefined	undefined	vapor
285.000	36.8533	97.2082	0.0102872	367.110	405.022	1.56882	0.864325	1.70442	215.209	1.32350	undefined	undefined	vapor
285.000	36.9213	97.4984	0.0102566	366.999	404.868	1.56804	0.865094	1.70944	215.076	1.32369	undefined	undefined	vapor
285.000	36.9894	97.7895	0.0102261	366.888	404.714	1.56725	0.865866	1.71450	214.943	1.32387	undefined	undefined	vapor
285.000	37.0574	98.0815	0.0101956	366.777	404.559	1.56646	0.866642	1.71960	214.810	1.32405	undefined	undefined	vapor
285.000	37.1254	98.3746	0.0101652	366.665	404.404	1.56568	0.867422	1.72475	214.676	1.32423	undefined	undefined	vapor
285.000	37.1935	98.6686	0.0101349	366.553	404.249	1.56489	0.868206	1.72995	214.542	1.32441	undefined	undefined	vapor
285.000	37.2615	98.9636	0.0101047	366.441	404.092	1.56410	0.868993	1.73520	214.407	1.32459	undefined	undefined	vapor
285.000	37.3295	99.2596	0.0100746	366.328	403.936	1.56331	0.869784	1.74049	214.272	1.32477	undefined	undefined	vapor
285.000	37.3976	99.5566	0.0100445	366.215	403.779	1.56252	0.870579	1.74583	214.137	1.32495	undefined	undefined	vapor
285.000	37.4656	99.8547	0.0100146	366.101	403.621	1.56172	0.871377	1.75122	214.001	1.32514	undefined	undefined	vapor
285.000	37.5336	100.154	0.00998465	365.987	403.463	1.56093	0.872180	1.75665	213.865	1.32532	undefined	undefined	vapor
285.000	37.6017	100.454	0.00995482	365.872	403.304	1.56014	0.872986	1.76214	213.728	1.32550	undefined	undefined	vapor
285.000	37.6697	100.755	0.00992507	365.758	403.145	1.55934	0.873797	1.76768	213.591	1.32568	undefined	undefined	vapor
285.000	37.7377	101.057	0.00989539	365.642	402.985	1.55854	0.874611	1.77327	213.453	1.32586	undefined	undefined	vapor
285.000	37.8058	101.360	0.00986578	365.527	402.825	1.55775	0.875430	1.77892	213.315	1.32604	undefined	undefined	vapor
285.000	37.8738	101.665	0.00983624	365.411	402.664	1.55695	0.876252	1.78461	213.177	1.32622	undefined	undefined	vapor
285.000	37.9418	101.970	0.00980678	365.294	402.503	1.55615	0.877079	1.79037	213.038	1.32640	undefined	undefined	vapor
285.000	38.0099	102.277	0.00977739	365.178	402.341	1.55534	0.877909	1.79617	212.899	1.32658	undefined	undefined	vapor
285.000	38.0779	102.584	0.00974806	365.060	402.179	1.55454	0.878744	1.80204	212.759	1.32676	undefined	undefined	vapor
285.000	38.1459	102.893	0.00971881	364.943	402.016	1.55374	0.879583	1.80796	212.619	1.32694	undefined	undefined	vapor
285.000	38.2140	103.203	0.00968963	364.825	401.852	1.55293	0.880427	1.81394	212.478	1.32712	undefined	undefined	vapor
285.000	38.2820	103.514	0.00966051	364.706	401.688	1.55213	0.881274	1.81997	212.337	1.32730	undefined	undefined	vapor
285.000	38.3500	103.826	0.00963146	364.587	401.524	1.55132	0.882126	1.82607	212.196	1.32748	undefined	undefined	vapor
285.000	38.4181	104.140	0.00960248	364.468	401.359	1.55051	0.882983	1.83223	212.054	1.32766	undefined	undefined	vapor
285.000	38.4861	104.454	0.00957357	364.348	401.193	1.54970	0.883844	1.83844	211.911	1.32784	undefined	undefined	vapor
285.000	38.5541	104.770	0.00954472	364.228	401.026	1.54889	0.884709	1.84472	211.768	1.32802	undefined	undefined	vapor
285.000	38.6222	105.087	0.00951593	364.107	400.859	1.54807	0.885579	1.85107	211.625	1.32820	undefined	undefined	vapor
285.000	38.6902	105.405	0.00948721	363.986	400.692	1.54726	0.886453	1.85748	211.481	1.32838	undefined	undefined	vapor
285.000	38.7582	105.724	0.00945855	363.864	400.524	1.54644	0.887332	1.86396	211.337	1.32856	undefined	undefined	vapor
285.000	38.8263	106.045	0.00942996	363.742	400.355	1.54562	0.888216	1.87050	211.192	1.32874	undefined	undefined	vapor
285.000	38.8943	106.367	0.00940142	363.619	400.186	1.54480	0.889104	1.87711	211.047	1.32892	undefined	undefined	vapor
285.000	38.9623	106.690	0.00937295	363.496	400.016	1.54398	0.889997	1.88379	210.901	1.32910	undefined	undefined	vapor
285.000	39.0304	107.014	0.00934454	363.373	399.845	1.54316	0.890895	1.89054	210.754	1.32928	undefined	undefined	vapor
285.000	39.0984	107.340	0.00931619	363.249	399.674	1.54234	0.891798	1.89736	210.607	1.32946	undefined	undefined	vapor
285.000	39.1664	107.667	0.00928790	363.124	399.502	1.54151	0.892705	1.90425	210.460	1.32964	undefined	undefined	vapor
285.000	39.2345	107.995	0.00925966	362.999	399.329	1.54069	0.893618	1.91122	210.312	1.32982	undefined	undefined	vapor
285.000	39.3025	108.325	0.00923148	362.874	399.156	1.53986	0.894536	1.91827	210.164	1.33000	undefined	undefined	vapor
285.000	39.3705	108.656	0.00920336	362.748	398.982	1.53903	0.895458	1.92539	210.015	1.33018	undefined	undefined	vapor
285.000	39.4386	108.988	0.00917530	362.621	398.807	1.53820	0.896386	1.93259	209.865	1.33036	undefined	undefined	vapor
285.000	39.5066	109.322	0.00914729	362.494	398.632	1.53736	0.897319	1.93987	209.715	1.33054	undefined	undefined	vapor
285.000	39.5746	109.657	0.00911934	362.367	398.456	1.53653	0.898257	1.94723	209.564	1.33072	undefined	undefined	vapor
285.000	39.6426	109.994	0.00909144	362.239	398.280	1.53569	0.899201	1.95467	209.413	1.33090	undefined	undefined	vapor
285.000	39.7107	110.332	0.00906359	362.110	398.102	1.53485	0.900150	1.96220	209.262	1.33107	undefined	undefined	vapor
285.000	39.7787	110.671	0.00903579	361.981	397.924	1.53401	0.901104	1.96981	209.109	1.33125	undefined	undefined	vapor
285.000	39.8467	111.012	0.00900805	361.851	397.745	1.53317	0.902063	1.97751	208.956	1.33143	undefined	undefined	vapor
285.000	39.9148	111.354	0.00898036	361.721	397.566	1.53232	0.903029	1.98530	208.803	1.33161	undefined	undefined	vapor
285.000	39.9828	111.698	0.00895272	361.590	397.386	1.53148	0.903999	1.99318	208.649	1.33179	undefined	undefined	vapor
285.000	40.0508	112.043	0.00892513	361.459	397.205	1.53063	0.904976	2.00115	208.494	1.33197	undefined	undefined	vapor
285.000	40.1189	112.390	0.00889758	361.327	397.023	1.52978	0.905958	2.00922	208.339	1.33215	undefined	undefined	vapor
285.000	40.1869	112.738	0.00887009	361.194	396.840	1.52892	0.906946	2.01738	208.183	1.33233	undefined	undefined	vapor
285.000	40.2549	113.088	0.00884264	361.061	396.657	1.52807	0.907940	2.02564	208.027	1.33251	undefined	undefined	vapor
285.000	40.3230	113.440	0.00881524	360.928	396.473	1.52721	0.908940	2.03400	207.869	1.33268	undefined	undefined	vapor
285.000	40.3910	113.793	0.00878788	360.793	396.288	1.52636	0.909945	2.04246	207.712	1.33286	undefined	undefined	vapor
285.000	40.4590	114.148	0.00876057	360.658	396.103	1.52549	0.910957	2.05102	207.553	1.33304	undefined	undefined	vapor
285.000	40.5271	114.504	0.00873330	360.523	395.916	1.52463	0.911975	2.05969	207.394	1.33322	undefined	undefined	vapor
285.000	40.5951	114.862	0.00870608	360.387	395.729	1.52377	0.913000	2.06847	207.235	1.33340	undefined	undefined	vapor
285.000	40.6631	115.222	0.00867889	360.250	395.541	1.52290	0.914030	2.07736	207.074	1.33358	undefined	undefined	vapor
285.000	40.7312	115.584	0.00865175	360.113	395.352	1.52203	0.915067	2.08636	206.913	1.33376	undefined	undefined	vapor
285.000	40.7992	115.947	0.00862465	359.975	395.162	1.52116	0.916110	2.09548	206.752	1.33393	undefined	undefined	vapor
285.000	40.8672	116.312	0.00859759	359.836	394.972	1.52028	0.917160	2.10471	206.589	1.33411	undefined	undefined	vapor
285.000	40.9353	116.678	0.00857057	359.697	394.780	1.51941	0.918217	2.11406	206.426	1.33429	undefined	undefined	vapor
285.000	41.0033	117.047	0.00854359	359.557	394.588	1.51853	0.919280	2.12354	206.262	1.33447	undefined	undefined	vapor
285.000	41.0713	117.417	0.00851665	359.416	394.395	1.51765	0.920350	2.13314	206.098	1.33465	undefined	undefined	vapor
285.000	41.1394	117.789	0.00848974	359.274	394.201	1.51676	0.921427	2.14287	205.933	1.33483	undefined	undefined	vapor
285.000	41.2074	118.163	0.00846287	359.132	394.006	1.51588	0.922511	2.15273	205.767	1.33500	undefined	undefined	vapor
285.000	41.2754	118.539	0.00843603	358.990	393.810	1.51499	0.923602	2.16272	205.600	1.33518	undefined	undefined	vapor
285.000	41.3435	118.917	0.00840923	358.846	393.613	1.51409	0.924700	2.17285	205.433	1.33536	undefined	undefined	vapor
285.000	41.4115	119.297	0.00838245	358.702	393.415	1.51320	0.925805	2.18312	205.264	1.33554	undefined	undefined	vapor
285.000	41.4795	119.679	0.00835572	358.557	393.216	1.51230	0.926918	2.19353	205.095	1.33572	undefined	undefined	vapor
285.000	41.5476	120.062	0.00832901	358.411	393.016	1.51140	0.928038	2.20409	204.926	1.33590	undefined	undefined	vapor
285.000	41.6156	120.448	0.00830233	358.265	392.815	1.51050	0.929166	2.21480	204.755	1.33607	undefined	undefined	vapor
285.000	41.6836	120.836	0.00827569	358.117	392.614	1.50959	0.930301	2.22566	204.584	1.33625	undefined	undefined	vapor
285.000	41.7517	121.226	0.00824907	357.969	392.411	1.50868	0.931444	2.23667	204.412	1.33643	undefined	undefined	vapor
285.000	41.8197	121.618	0.00822249	357.821	392.207	1.50777	0.932595	2.24784	204.239	1.33661	undefined	undefined	vapor

