temp  pressure  density Volume  InternalEnergy  Enthalpy  Entropy Cv  Cp  Spd JouleThomson  Viscosity Therm.Cond  Phase
Temperature (K)	Pressure (bar)	Density (kg/m3)	Volume (m3/kg)	Internal Energy (kJ/kg)	Enthalpy (kJ/kg)	Entropy (J/g*K)	Cv (J/g*K)	Cp (J/g*K)	Sound Spd. (m/s)	Joule-Thomson (K/bar)	Viscosity (Pa*s)	Therm. Cond. (W/m*K)	Phase
300.000	1.00000	1.77389	0.563732	413.826	470.200	2.43074	0.691539	0.884802	267.852	1.07329	undefined	undefined	vapor
300.000	1.09646	1.94600	0.513875	413.764	470.108	2.41313	0.691720	0.885411	267.771	1.07350	undefined	undefined	vapor
300.000	1.19292	2.11829	0.472080	413.701	470.016	2.39700	0.691901	0.886021	267.689	1.07371	undefined	undefined	vapor
300.000	1.28937	2.29075	0.436538	413.638	469.925	2.38210	0.692083	0.886634	267.608	1.07392	undefined	undefined	vapor
300.000	1.38583	2.46340	0.405943	413.576	469.833	2.36826	0.692266	0.887248	267.526	1.07413	undefined	undefined	vapor
300.000	1.48229	2.63622	0.379331	413.513	469.741	2.35534	0.692448	0.887864	267.445	1.07434	undefined	undefined	vapor
300.000	1.57875	2.80923	0.355970	413.450	469.649	2.34322	0.692631	0.888481	267.363	1.07454	undefined	undefined	vapor
300.000	1.67521	2.98241	0.335299	413.387	469.557	2.33181	0.692815	0.889101	267.281	1.07475	undefined	undefined	vapor
300.000	1.77167	3.15578	0.316879	413.324	469.464	2.32102	0.692999	0.889722	267.199	1.07496	undefined	undefined	vapor
300.000	1.86813	3.32933	0.300361	413.261	469.372	2.31079	0.693184	0.890346	267.117	1.07517	undefined	undefined	vapor
300.000	1.96458	3.50305	0.285465	413.198	469.280	2.30107	0.693369	0.890971	267.035	1.07538	undefined	undefined	vapor
300.000	2.06104	3.67697	0.271963	413.134	469.187	2.29180	0.693554	0.891598	266.953	1.07558	undefined	undefined	vapor
300.000	2.15750	3.85106	0.259669	413.071	469.095	2.28295	0.693740	0.892227	266.871	1.07579	undefined	undefined	vapor
300.000	2.25396	4.02534	0.248426	413.008	469.002	2.27448	0.693926	0.892858	266.789	1.07600	undefined	undefined	vapor
300.000	2.35042	4.19980	0.238107	412.944	468.909	2.26635	0.694113	0.893490	266.707	1.07621	undefined	undefined	vapor
300.000	2.44688	4.37445	0.228600	412.881	468.816	2.25854	0.694300	0.894125	266.625	1.07642	undefined	undefined	vapor
300.000	2.54333	4.54928	0.219815	412.817	468.724	2.25102	0.694488	0.894762	266.543	1.07662	undefined	undefined	vapor
300.000	2.63979	4.72430	0.211672	412.754	468.631	2.24378	0.694676	0.895400	266.460	1.07683	undefined	undefined	vapor
300.000	2.73625	4.89950	0.204103	412.690	468.538	2.23679	0.694864	0.896040	266.378	1.07704	undefined	undefined	vapor
300.000	2.83271	5.07489	0.197049	412.626	468.444	2.23003	0.695053	0.896683	266.296	1.07725	undefined	undefined	vapor
300.000	2.92917	5.25046	0.190459	412.563	468.351	2.22349	0.695242	0.897327	266.213	1.07745	undefined	undefined	vapor
300.000	3.02563	5.42622	0.184290	412.499	468.258	2.21715	0.695432	0.897973	266.131	1.07766	undefined	undefined	vapor
300.000	3.12208	5.60217	0.178502	412.435	468.165	2.21101	0.695622	0.898621	266.048	1.07787	undefined	undefined	vapor
300.000	3.21854	5.77831	0.173061	412.371	468.071	2.20505	0.695813	0.899271	265.966	1.07807	undefined	undefined	vapor
300.000	3.31500	5.95464	0.167936	412.307	467.978	2.19925	0.696004	0.899923	265.883	1.07828	undefined	undefined	vapor
300.000	3.41146	6.13116	0.163101	412.243	467.884	2.19362	0.696196	0.900578	265.800	1.07849	undefined	undefined	vapor
300.000	3.50792	6.30786	0.158532	412.178	467.790	2.18814	0.696388	0.901234	265.717	1.07869	undefined	undefined	vapor
300.000	3.60437	6.48476	0.154208	412.114	467.696	2.18280	0.696581	0.901892	265.634	1.07890	undefined	undefined	vapor
300.000	3.70083	6.66185	0.150108	412.050	467.602	2.17759	0.696773	0.902552	265.551	1.07911	undefined	undefined	vapor
300.000	3.79729	6.83913	0.146217	411.985	467.508	2.17252	0.696967	0.903214	265.469	1.07931	undefined	undefined	vapor
300.000	3.89375	7.01660	0.142519	411.921	467.414	2.16756	0.697161	0.903878	265.385	1.07952	undefined	undefined	vapor
300.000	3.99021	7.19426	0.139000	411.856	467.320	2.16272	0.697355	0.904544	265.302	1.07973	undefined	undefined	vapor
300.000	4.08667	7.37212	0.135646	411.792	467.226	2.15799	0.697550	0.905212	265.219	1.07993	undefined	undefined	vapor
300.000	4.18312	7.55017	0.132447	411.727	467.132	2.15337	0.697745	0.905883	265.136	1.08014	undefined	undefined	vapor
300.000	4.27958	7.72841	0.129393	411.663	467.037	2.14885	0.697941	0.906555	265.053	1.08034	undefined	undefined	vapor
300.000	4.37604	7.90685	0.126473	411.598	466.943	2.14442	0.698137	0.907230	264.969	1.08055	undefined	undefined	vapor
300.000	4.47250	8.08548	0.123678	411.533	466.848	2.14008	0.698334	0.907906	264.886	1.08075	undefined	undefined	vapor
300.000	4.56896	8.26431	0.121002	411.468	466.753	2.13583	0.698531	0.908585	264.803	1.08096	undefined	undefined	vapor
300.000	4.66542	8.44334	0.118437	411.403	466.659	2.13167	0.698729	0.909265	264.719	1.08117	undefined	undefined	vapor
300.000	4.76187	8.62256	0.115975	411.338	466.564	2.12758	0.698927	0.909948	264.636	1.08137	undefined	undefined	vapor
300.000	4.85833	8.80197	0.113611	411.273	466.469	2.12358	0.699126	0.910633	264.552	1.08158	undefined	undefined	vapor
300.000	4.95479	8.98159	0.111339	411.208	466.374	2.11964	0.699325	0.911320	264.468	1.08178	undefined	undefined	vapor
300.000	5.05125	9.16141	0.109154	411.142	466.279	2.11578	0.699524	0.912009	264.385	1.08199	undefined	undefined	vapor
300.000	5.14771	9.34142	0.107050	411.077	466.183	2.11199	0.699724	0.912701	264.301	1.08219	undefined	undefined	vapor
300.000	5.24417	9.52163	0.105024	411.012	466.088	2.10826	0.699925	0.913394	264.217	1.08240	undefined	undefined	vapor
300.000	5.34062	9.70204	0.103071	410.946	465.993	2.10460	0.700126	0.914090	264.133	1.08260	undefined	undefined	vapor
300.000	5.43708	9.88266	0.101187	410.881	465.897	2.10100	0.700327	0.914788	264.049	1.08280	undefined	undefined	vapor
300.000	5.53354	10.0635	0.0993693	410.815	465.802	2.09745	0.700529	0.915488	263.965	1.08301	undefined	undefined	vapor
300.000	5.63000	10.2445	0.0976135	410.749	465.706	2.09397	0.700731	0.916190	263.881	1.08321	undefined	undefined	vapor
300.000	5.72646	10.4257	0.0959168	410.684	465.610	2.09054	0.700934	0.916894	263.797	1.08342	undefined	undefined	vapor
300.000	5.82292	10.6071	0.0942763	410.618	465.514	2.08716	0.701138	0.917601	263.713	1.08362	undefined	undefined	vapor
300.000	5.91937	10.7887	0.0926892	410.552	465.418	2.08384	0.701342	0.918310	263.628	1.08383	undefined	undefined	vapor
300.000	6.01583	10.9706	0.0911529	410.486	465.322	2.08056	0.701546	0.919021	263.544	1.08403	undefined	undefined	vapor
300.000	6.11229	11.1526	0.0896652	410.420	465.226	2.07733	0.701751	0.919734	263.460	1.08423	undefined	undefined	vapor
300.000	6.20875	11.3348	0.0882236	410.354	465.130	2.07415	0.701956	0.920450	263.375	1.08444	undefined	undefined	vapor
300.000	6.30521	11.5173	0.0868260	410.288	465.034	2.07102	0.702162	0.921168	263.291	1.08464	undefined	undefined	vapor
300.000	6.40167	11.6999	0.0854706	410.222	464.937	2.06793	0.702368	0.921888	263.206	1.08484	undefined	undefined	vapor
300.000	6.49813	11.8828	0.0841554	410.155	464.841	2.06488	0.702575	0.922610	263.122	1.08505	undefined	undefined	vapor
300.000	6.59458	12.0658	0.0828786	410.089	464.744	2.06187	0.702782	0.923335	263.037	1.08525	undefined	undefined	vapor
300.000	6.69104	12.2491	0.0816385	410.023	464.647	2.05890	0.702990	0.924062	262.952	1.08545	undefined	undefined	vapor
300.000	6.78750	12.4326	0.0804337	409.956	464.550	2.05598	0.703199	0.924791	262.867	1.08566	undefined	undefined	vapor
300.000	6.88396	12.6163	0.0792626	409.889	464.454	2.05309	0.703407	0.925523	262.782	1.08586	undefined	undefined	vapor
300.000	6.98042	12.8002	0.0781239	409.823	464.357	2.05023	0.703617	0.926257	262.697	1.08606	undefined	undefined	vapor
300.000	7.07688	12.9843	0.0770162	409.756	464.260	2.04741	0.703827	0.926993	262.612	1.08626	undefined	undefined	vapor
300.000	7.17333	13.1686	0.0759382	409.689	464.162	2.04463	0.704037	0.927732	262.527	1.08647	undefined	undefined	vapor
300.000	7.26979	13.3531	0.0748888	409.622	464.065	2.04188	0.704248	0.928473	262.442	1.08667	undefined	undefined	vapor
300.000	7.36625	13.5379	0.0738668	409.556	463.968	2.03917	0.704459	0.929216	262.357	1.08687	undefined	undefined	vapor
300.000	7.46271	13.7228	0.0728712	409.489	463.870	2.03648	0.704671	0.929962	262.272	1.08707	undefined	undefined	vapor
300.000	7.55917	13.9080	0.0719011	409.421	463.773	2.03383	0.704883	0.930710	262.186	1.08728	undefined	undefined	vapor
300.000	7.65563	14.0934	0.0709553	409.354	463.675	2.03121	0.705096	0.931461	262.101	1.08748	undefined	undefined	vapor
300.000	7.75208	14.2790	0.0700330	409.287	463.577	2.02862	0.705310	0.932214	262.016	1.08768	undefined	undefined	vapor
300.000	7.84854	14.4648	0.0691334	409.220	463.479	2.02605	0.705524	0.932970	261.930	1.08788	undefined	undefined	vapor
300.000	7.94500	14.6508	0.0682556	409.152	463.381	2.02352	0.705738	0.933728	261.845	1.08808	undefined	undefined	vapor
300.000	8.04146	14.8371	0.0673988	409.085	463.283	2.02101	0.705953	0.934488	261.759	1.08828	undefined	undefined	vapor
300.000	8.13792	15.0235	0.0665623	409.017	463.185	2.01853	0.706169	0.935251	261.673	1.08849	undefined	undefined	vapor
300.000	8.23438	15.2102	0.0657453	408.950	463.087	2.01607	0.706385	0.936016	261.587	1.08869	undefined	undefined	vapor
300.000	8.33083	15.3971	0.0649473	408.882	462.989	2.01365	0.706601	0.936784	261.502	1.08889	undefined	undefined	vapor
300.000	8.42729	15.5842	0.0641675	408.814	462.890	2.01124	0.706818	0.937554	261.416	1.08909	undefined	undefined	vapor
300.000	8.52375	15.7716	0.0634053	408.747	462.792	2.00886	0.707036	0.938327	261.330	1.08929	undefined	undefined	vapor
300.000	8.62021	15.9591	0.0626601	408.679	462.693	2.00651	0.707254	0.939103	261.244	1.08949	undefined	undefined	vapor
300.000	8.71667	16.1469	0.0619315	408.611	462.594	2.00417	0.707473	0.939881	261.158	1.08969	undefined	undefined	vapor
300.000	8.81313	16.3349	0.0612187	408.543	462.495	2.00187	0.707692	0.940661	261.071	1.08989	undefined	undefined	vapor
300.000	8.90958	16.5231	0.0605213	408.475	462.397	1.99958	0.707912	0.941444	260.985	1.09009	undefined	undefined	vapor
300.000	9.00604	16.7115	0.0598389	408.406	462.297	1.99731	0.708132	0.942230	260.899	1.09029	undefined	undefined	vapor
300.000	9.10250	16.9002	0.0591709	408.338	462.198	1.99507	0.708353	0.943018	260.812	1.09049	undefined	undefined	vapor
300.000	9.19896	17.0891	0.0585168	408.270	462.099	1.99285	0.708574	0.943809	260.726	1.09069	undefined	undefined	vapor
300.000	9.29542	17.2782	0.0578763	408.201	462.000	1.99064	0.708796	0.944602	260.639	1.09089	undefined	undefined	vapor
300.000	9.39188	17.4676	0.0572490	408.133	461.900	1.98846	0.709018	0.945398	260.553	1.09109	undefined	undefined	vapor
300.000	9.48833	17.6571	0.0566343	408.064	461.801	1.98630	0.709241	0.946197	260.466	1.09129	undefined	undefined	vapor
300.000	9.58479	17.8469	0.0560321	407.996	461.701	1.98416	0.709465	0.946998	260.380	1.09149	undefined	undefined	vapor
300.000	9.68125	18.0369	0.0554418	407.927	461.601	1.98203	0.709689	0.947802	260.293	1.09169	undefined	undefined	vapor
300.000	9.77771	18.2272	0.0548631	407.858	461.501	1.97993	0.709914	0.948609	260.206	1.09189	undefined	undefined	vapor
300.000	9.87417	18.4177	0.0542957	407.789	461.402	1.97784	0.710139	0.949418	260.119	1.09209	undefined	undefined	vapor
300.000	9.97063	18.6084	0.0537392	407.720	461.301	1.97577	0.710364	0.950230	260.032	1.09229	undefined	undefined	vapor
300.000	10.0671	18.7993	0.0531934	407.651	461.201	1.97371	0.710591	0.951045	259.945	1.09249	undefined	undefined	vapor
300.000	10.1635	18.9905	0.0526579	407.582	461.101	1.97168	0.710818	0.951863	259.858	1.09269	undefined	undefined	vapor
300.000	10.2600	19.1819	0.0521325	407.513	461.001	1.96966	0.711045	0.952683	259.771	1.09289	undefined	undefined	vapor
300.000	10.3565	19.3735	0.0516168	407.443	460.900	1.96766	0.711273	0.953506	259.683	1.09308	undefined	undefined	vapor
300.000	10.4529	19.5654	0.0511106	407.374	460.800	1.96567	0.711501	0.954332	259.596	1.09328	undefined	undefined	vapor
300.000	10.5494	19.7575	0.0506137	407.305	460.699	1.96370	0.711731	0.955160	259.509	1.09348	undefined	undefined	vapor
300.000	10.6458	19.9498	0.0501257	407.235	460.598	1.96174	0.711960	0.955992	259.421	1.09368	undefined	undefined	vapor
300.000	10.7423	20.1424	0.0496465	407.165	460.497	1.95980	0.712190	0.956826	259.334	1.09388	undefined	undefined	vapor
300.000	10.8388	20.3352	0.0491758	407.096	460.396	1.95788	0.712421	0.957663	259.246	1.09408	undefined	undefined	vapor
300.000	10.9352	20.5283	0.0487133	407.026	460.295	1.95597	0.712653	0.958503	259.158	1.09427	undefined	undefined	vapor
300.000	11.0317	20.7215	0.0482589	406.956	460.194	1.95407	0.712885	0.959345	259.071	1.09447	undefined	undefined	vapor
300.000	11.1281	20.9151	0.0478124	406.886	460.092	1.95219	0.713117	0.960191	258.983	1.09467	undefined	undefined	vapor
300.000	11.2246	21.1088	0.0473735	406.816	459.991	1.95032	0.713350	0.961039	258.895	1.09487	undefined	undefined	vapor
300.000	11.3210	21.3028	0.0469421	406.746	459.889	1.94847	0.713584	0.961890	258.807	1.09506	undefined	undefined	vapor
300.000	11.4175	21.4971	0.0465180	406.676	459.788	1.94662	0.713818	0.962745	258.719	1.09526	undefined	undefined	vapor
300.000	11.5140	21.6915	0.0461009	406.606	459.686	1.94480	0.714053	0.963602	258.631	1.09546	undefined	undefined	vapor
300.000	11.6104	21.8863	0.0456907	406.535	459.584	1.94298	0.714288	0.964462	258.542	1.09565	undefined	undefined	vapor
300.000	11.7069	22.0812	0.0452873	406.465	459.482	1.94118	0.714524	0.965325	258.454	1.09585	undefined	undefined	vapor
300.000	11.8033	22.2764	0.0448905	406.394	459.380	1.93939	0.714761	0.966191	258.366	1.09605	undefined	undefined	vapor
300.000	11.8998	22.4719	0.0445000	406.324	459.278	1.93761	0.714998	0.967060	258.277	1.09624	undefined	undefined	vapor
300.000	11.9963	22.6676	0.0441158	406.253	459.176	1.93584	0.715236	0.967932	258.189	1.09644	undefined	undefined	vapor
300.000	12.0927	22.8635	0.0437378	406.182	459.073	1.93409	0.715474	0.968807	258.100	1.09664	undefined	undefined	vapor
300.000	12.1892	23.0597	0.0433656	406.112	458.971	1.93235	0.715713	0.969685	258.012	1.09683	undefined	undefined	vapor
300.000	12.2856	23.2562	0.0429993	406.041	458.868	1.93062	0.715953	0.970566	257.923	1.09703	undefined	undefined	vapor
300.000	12.3821	23.4529	0.0426387	405.970	458.765	1.92890	0.716193	0.971450	257.834	1.09722	undefined	undefined	vapor
300.000	12.4785	23.6498	0.0422837	405.899	458.662	1.92719	0.716433	0.972337	257.745	1.09742	undefined	undefined	vapor
300.000	12.5750	23.8470	0.0419340	405.827	458.559	1.92549	0.716675	0.973227	257.656	1.09761	undefined	undefined	vapor
300.000	12.6715	24.0444	0.0415897	405.756	458.456	1.92381	0.716917	0.974120	257.567	1.09781	undefined	undefined	vapor
300.000	12.7679	24.2421	0.0412505	405.685	458.353	1.92213	0.717159	0.975017	257.478	1.09800	undefined	undefined	vapor
300.000	12.8644	24.4400	0.0409165	405.613	458.250	1.92047	0.717402	0.975917	257.389	1.09820	undefined	undefined	vapor
300.000	12.9608	24.6382	0.0405873	405.542	458.146	1.91881	0.717646	0.976819	257.300	1.09839	undefined	undefined	vapor
300.000	13.0573	24.8367	0.0402630	405.470	458.043	1.91717	0.717891	0.977725	257.211	1.09859	undefined	undefined	vapor
300.000	13.1537	25.0354	0.0399435	405.398	457.939	1.91553	0.718136	0.978634	257.121	1.09878	undefined	undefined	vapor
300.000	13.2502	25.2343	0.0396285	405.327	457.835	1.91391	0.718381	0.979547	257.032	1.09898	undefined	undefined	vapor
300.000	13.3467	25.4335	0.0393181	405.255	457.731	1.91229	0.718627	0.980462	256.942	1.09917	undefined	undefined	vapor
300.000	13.4431	25.6330	0.0390122	405.183	457.627	1.91068	0.718874	0.981381	256.853	1.09937	undefined	undefined	vapor
300.000	13.5396	25.8327	0.0387106	405.111	457.523	1.90909	0.719122	0.982303	256.763	1.09956	undefined	undefined	vapor
300.000	13.6360	26.0327	0.0384132	405.039	457.419	1.90750	0.719370	0.983228	256.673	1.09975	undefined	undefined	vapor
300.000	13.7325	26.2330	0.0381200	404.966	457.315	1.90592	0.719619	0.984157	256.583	1.09995	undefined	undefined	vapor
300.000	13.8290	26.4335	0.0378308	404.894	457.210	1.90435	0.719868	0.985088	256.493	1.10014	undefined	undefined	vapor
300.000	13.9254	26.6343	0.0375456	404.822	457.106	1.90279	0.720118	0.986024	256.403	1.10034	undefined	undefined	vapor
300.000	14.0219	26.8353	0.0372644	404.749	457.001	1.90124	0.720369	0.986962	256.313	1.10053	undefined	undefined	vapor
300.000	14.1183	27.0366	0.0369869	404.677	456.896	1.89970	0.720620	0.987904	256.223	1.10072	undefined	undefined	vapor
300.000	14.2148	27.2381	0.0367132	404.604	456.791	1.89816	0.720872	0.988849	256.133	1.10092	undefined	undefined	vapor
300.000	14.3112	27.4400	0.0364432	404.531	456.686	1.89664	0.721124	0.989798	256.042	1.10111	undefined	undefined	vapor
300.000	14.4077	27.6420	0.0361768	404.458	456.581	1.89512	0.721377	0.990750	255.952	1.10130	undefined	undefined	vapor
300.000	14.5042	27.8444	0.0359139	404.385	456.476	1.89361	0.721631	0.991705	255.861	1.10149	undefined	undefined	vapor
300.000	14.6006	28.0470	0.0356544	404.312	456.370	1.89211	0.721886	0.992664	255.771	1.10169	undefined	undefined	vapor
300.000	14.6971	28.2499	0.0353984	404.239	456.265	1.89061	0.722141	0.993626	255.680	1.10188	undefined	undefined	vapor
300.000	14.7935	28.4531	0.0351456	404.166	456.159	1.88913	0.722397	0.994592	255.589	1.10207	undefined	undefined	vapor
300.000	14.8900	28.6565	0.0348961	404.093	456.053	1.88765	0.722653	0.995562	255.499	1.10226	undefined	undefined	vapor
300.000	14.9865	28.8602	0.0346498	404.019	455.947	1.88618	0.722910	0.996534	255.408	1.10245	undefined	undefined	vapor
300.000	15.0829	29.0642	0.0344066	403.946	455.841	1.88471	0.723168	0.997511	255.317	1.10265	undefined	undefined	vapor
300.000	15.1794	29.2684	0.0341665	403.872	455.735	1.88326	0.723426	0.998491	255.226	1.10284	undefined	undefined	vapor
300.000	15.2758	29.4729	0.0339294	403.799	455.629	1.88181	0.723685	0.999474	255.134	1.10303	undefined	undefined	vapor
300.000	15.3723	29.6777	0.0336953	403.725	455.522	1.88037	0.723945	1.00046	255.043	1.10322	undefined	undefined	vapor
300.000	15.4687	29.8828	0.0334641	403.651	455.416	1.87893	0.724205	1.00145	254.952	1.10341	undefined	undefined	vapor
300.000	15.5652	30.0881	0.0332357	403.577	455.309	1.87750	0.724466	1.00245	254.860	1.10360	undefined	undefined	vapor
300.000	15.6617	30.2938	0.0330101	403.503	455.202	1.87608	0.724728	1.00344	254.769	1.10379	undefined	undefined	vapor
300.000	15.7581	30.4997	0.0327873	403.429	455.095	1.87467	0.724991	1.00445	254.677	1.10398	undefined	undefined	vapor
300.000	15.8546	30.7058	0.0325671	403.355	454.988	1.87326	0.725254	1.00545	254.586	1.10417	undefined	undefined	vapor
300.000	15.9510	30.9123	0.0323496	403.280	454.881	1.87186	0.725517	1.00646	254.494	1.10436	undefined	undefined	vapor
300.000	16.0475	31.1190	0.0321347	403.206	454.774	1.87047	0.725782	1.00747	254.402	1.10455	undefined	undefined	vapor
300.000	16.1440	31.3261	0.0319223	403.131	454.667	1.86908	0.726047	1.00849	254.310	1.10474	undefined	undefined	vapor
300.000	16.2404	31.5334	0.0317124	403.057	454.559	1.86770	0.726313	1.00951	254.218	1.10493	undefined	undefined	vapor
300.000	16.3369	31.7410	0.0315050	402.982	454.451	1.86632	0.726579	1.01053	254.126	1.10512	undefined	undefined	vapor
300.000	16.4333	31.9488	0.0313000	402.907	454.344	1.86495	0.726846	1.01156	254.034	1.10531	undefined	undefined	vapor
300.000	16.5298	32.1570	0.0310974	402.832	454.236	1.86359	0.727114	1.01259	253.942	1.10550	undefined	undefined	vapor
300.000	16.6262	32.3655	0.0308971	402.757	454.128	1.86223	0.727383	1.01363	253.849	1.10569	undefined	undefined	vapor
300.000	16.7227	32.5742	0.0306991	402.682	454.020	1.86088	0.727652	1.01467	253.757	1.10588	undefined	undefined	vapor
300.000	16.8192	32.7832	0.0305034	402.607	453.911	1.85954	0.727922	1.01571	253.664	1.10607	undefined	undefined	vapor
300.000	16.9156	32.9925	0.0303099	402.532	453.803	1.85820	0.728193	1.01676	253.572	1.10626	undefined	undefined	vapor
300.000	17.0121	33.2022	0.0301185	402.456	453.694	1.85686	0.728464	1.01781	253.479	1.10644	undefined	undefined	vapor
300.000	17.1085	33.4121	0.0299293	402.381	453.586	1.85554	0.728736	1.01887	253.386	1.10663	undefined	undefined	vapor
300.000	17.2050	33.6222	0.0297422	402.305	453.477	1.85422	0.729009	1.01993	253.293	1.10682	undefined	undefined	vapor
300.000	17.3015	33.8327	0.0295572	402.230	453.368	1.85290	0.729282	1.02099	253.201	1.10701	undefined	undefined	vapor
300.000	17.3979	34.0435	0.0293742	402.154	453.259	1.85159	0.729557	1.02206	253.107	1.10720	undefined	undefined	vapor
300.000	17.4944	34.2546	0.0291932	402.078	453.149	1.85028	0.729831	1.02313	253.014	1.10738	undefined	undefined	vapor
300.000	17.5908	34.4660	0.0290141	402.002	453.040	1.84898	0.730107	1.02420	252.921	1.10757	undefined	undefined	vapor
300.000	17.6873	34.6777	0.0288370	401.926	452.931	1.84769	0.730384	1.02528	252.828	1.10776	undefined	undefined	vapor
300.000	17.7837	34.8896	0.0286618	401.850	452.821	1.84640	0.730661	1.02637	252.734	1.10794	undefined	undefined	vapor
300.000	17.8802	35.1019	0.0284885	401.773	452.711	1.84511	0.730938	1.02745	252.641	1.10813	undefined	undefined	vapor
300.000	17.9767	35.3145	0.0283170	401.697	452.601	1.84383	0.731217	1.02855	252.547	1.10832	undefined	undefined	vapor
300.000	18.0731	35.5274	0.0281473	401.620	452.491	1.84256	0.731496	1.02964	252.454	1.10850	undefined	undefined	vapor
300.000	18.1696	35.7406	0.0279794	401.544	452.381	1.84129	0.731776	1.03074	252.360	1.10869	undefined	undefined	vapor
300.000	18.2660	35.9541	0.0278133	401.467	452.271	1.84002	0.732057	1.03185	252.266	1.10888	undefined	undefined	vapor
300.000	18.3625	36.1679	0.0276489	401.390	452.160	1.83876	0.732339	1.03295	252.172	1.10906	undefined	undefined	vapor
300.000	18.4590	36.3820	0.0274861	401.313	452.050	1.83751	0.732621	1.03407	252.078	1.10925	undefined	undefined	vapor
300.000	18.5554	36.5964	0.0273251	401.236	451.939	1.83626	0.732904	1.03519	251.984	1.10943	undefined	undefined	vapor
300.000	18.6519	36.8111	0.0271657	401.159	451.828	1.83501	0.733188	1.03631	251.890	1.10962	undefined	undefined	vapor
300.000	18.7483	37.0261	0.0270079	401.082	451.717	1.83377	0.733472	1.03743	251.795	1.10981	undefined	undefined	vapor
300.000	18.8448	37.2415	0.0268518	401.005	451.606	1.83254	0.733757	1.03856	251.701	1.10999	undefined	undefined	vapor
300.000	18.9412	37.4571	0.0266972	400.927	451.495	1.83130	0.734043	1.03970	251.606	1.11017	undefined	undefined	vapor
300.000	19.0377	37.6731	0.0265441	400.850	451.384	1.83008	0.734330	1.04084	251.512	1.11036	undefined	undefined	vapor
300.000	19.1342	37.8894	0.0263926	400.772	451.272	1.82885	0.734618	1.04198	251.417	1.11054	undefined	undefined	vapor
300.000	19.2306	38.1060	0.0262426	400.694	451.160	1.82764	0.734906	1.04313	251.322	1.11073	undefined	undefined	vapor
300.000	19.3271	38.3229	0.0260940	400.616	451.048	1.82642	0.735195	1.04428	251.227	1.11091	undefined	undefined	vapor
300.000	19.4235	38.5402	0.0259470	400.538	450.936	1.82521	0.735485	1.04544	251.132	1.11110	undefined	undefined	vapor
300.000	19.5200	38.7577	0.0258013	400.460	450.824	1.82401	0.735775	1.04660	251.037	1.11128	undefined	undefined	vapor
300.000	19.6165	38.9756	0.0256571	400.382	450.712	1.82281	0.736067	1.04777	250.942	1.11146	undefined	undefined	vapor
300.000	19.7129	39.1938	0.0255142	400.304	450.600	1.82161	0.736359	1.04894	250.847	1.11165	undefined	undefined	vapor
300.000	19.8094	39.4123	0.0253728	400.225	450.487	1.82041	0.736652	1.05012	250.751	1.11183	undefined	undefined	vapor
300.000	19.9058	39.6312	0.0252326	400.147	450.374	1.81923	0.736946	1.05130	250.656	1.11201	undefined	undefined	vapor
300.000	20.0023	39.8504	0.0250939	400.068	450.262	1.81804	0.737240	1.05248	250.560	1.11220	undefined	undefined	vapor
300.000	20.0987	40.0699	0.0249564	399.989	450.149	1.81686	0.737536	1.05367	250.464	1.11238	undefined	undefined	vapor
300.000	20.1952	40.2897	0.0248202	399.911	450.036	1.81568	0.737832	1.05487	250.369	1.11256	undefined	undefined	vapor
300.000	20.2917	40.5099	0.0246853	399.832	449.922	1.81451	0.738129	1.05607	250.273	1.11274	undefined	undefined	vapor
300.000	20.3881	40.7304	0.0245517	399.752	449.809	1.81334	0.738426	1.05727	250.177	1.11292	undefined	undefined	vapor
300.000	20.4846	40.9512	0.0244193	399.673	449.695	1.81217	0.738725	1.05848	250.081	1.11311	undefined	undefined	vapor
300.000	20.5810	41.1724	0.0242881	399.594	449.582	1.81101	0.739024	1.05970	249.984	1.11329	undefined	undefined	vapor
300.000	20.6775	41.3939	0.0241582	399.515	449.468	1.80985	0.739324	1.06092	249.888	1.11347	undefined	undefined	vapor
300.000	20.7740	41.6157	0.0240294	399.435	449.354	1.80870	0.739625	1.06214	249.792	1.11365	undefined	undefined	vapor
300.000	20.8704	41.8379	0.0239018	399.355	449.239	1.80755	0.739927	1.06337	249.695	1.11383	undefined	undefined	vapor
300.000	20.9669	42.0604	0.0237753	399.276	449.125	1.80640	0.740230	1.06460	249.599	1.11401	undefined	undefined	vapor
300.000	21.0633	42.2832	0.0236500	399.196	449.011	1.80525	0.740533	1.06584	249.502	1.11419	undefined	undefined	vapor
300.000	21.1598	42.5064	0.0235259	399.116	448.896	1.80411	0.740837	1.06709	249.405	1.11437	undefined	undefined	vapor
300.000	21.2562	42.7299	0.0234028	399.036	448.781	1.80298	0.741143	1.06834	249.308	1.11455	undefined	undefined	vapor
300.000	21.3527	42.9538	0.0232808	398.955	448.666	1.80184	0.741448	1.06959	249.211	1.11473	undefined	undefined	vapor
300.000	21.4492	43.1780	0.0231599	398.875	448.551	1.80071	0.741755	1.07085	249.114	1.11491	undefined	undefined	vapor
300.000	21.5456	43.4026	0.0230401	398.795	448.436	1.79959	0.742063	1.07212	249.017	1.11509	undefined	undefined	vapor
300.000	21.6421	43.6275	0.0229213	398.714	448.321	1.79846	0.742371	1.07339	248.920	1.11527	undefined	undefined	vapor
300.000	21.7385	43.8528	0.0228036	398.633	448.205	1.79734	0.742681	1.07466	248.822	1.11545	undefined	undefined	vapor
300.000	21.8350	44.0784	0.0226868	398.553	448.089	1.79623	0.742991	1.07594	248.725	1.11563	undefined	undefined	vapor
300.000	21.9315	44.3044	0.0225711	398.472	447.973	1.79511	0.743302	1.07723	248.627	1.11581	undefined	undefined	vapor
300.000	22.0279	44.5307	0.0224564	398.391	447.857	1.79400	0.743614	1.07852	248.529	1.11599	undefined	undefined	vapor
300.000	22.1244	44.7574	0.0223427	398.309	447.741	1.79289	0.743926	1.07982	248.431	1.11617	undefined	undefined	vapor
300.000	22.2208	44.9844	0.0222299	398.228	447.625	1.79179	0.744240	1.08112	248.333	1.11634	undefined	undefined	vapor
300.000	22.3173	45.2118	0.0221181	398.147	447.508	1.79069	0.744554	1.08243	248.235	1.11652	undefined	undefined	vapor
300.000	22.4137	45.4395	0.0220073	398.065	447.392	1.78959	0.744870	1.08374	248.137	1.11670	undefined	undefined	vapor
300.000	22.5102	45.6676	0.0218973	397.984	447.275	1.78849	0.745186	1.08506	248.039	1.11688	undefined	undefined	vapor
300.000	22.6067	45.8961	0.0217883	397.902	447.158	1.78740	0.745503	1.08638	247.941	1.11705	undefined	undefined	vapor
300.000	22.7031	46.1250	0.0216802	397.820	447.041	1.78631	0.745821	1.08771	247.842	1.11723	undefined	undefined	vapor
300.000	22.7996	46.3542	0.0215730	397.738	446.924	1.78523	0.746140	1.08905	247.743	1.11741	undefined	undefined	vapor
300.000	22.8960	46.5837	0.0214667	397.656	446.806	1.78414	0.746459	1.09039	247.645	1.11758	undefined	undefined	vapor
300.000	22.9925	46.8137	0.0213613	397.574	446.688	1.78306	0.746780	1.09174	247.546	1.11776	undefined	undefined	vapor
300.000	23.0890	47.0440	0.0212567	397.491	446.571	1.78199	0.747102	1.09309	247.447	1.11794	undefined	undefined	vapor
300.000	23.1854	47.2746	0.0211530	397.409	446.453	1.78091	0.747424	1.09445	247.348	1.11811	undefined	undefined	vapor
300.000	23.2819	47.5057	0.0210501	397.326	446.335	1.77984	0.747747	1.09581	247.249	1.11829	undefined	undefined	vapor
300.000	23.3783	47.7371	0.0209481	397.243	446.216	1.77877	0.748072	1.09718	247.149	1.11846	undefined	undefined	vapor
300.000	23.4748	47.9689	0.0208468	397.160	446.098	1.77770	0.748397	1.09856	247.050	1.11864	undefined	undefined	vapor
300.000	23.5712	48.2011	0.0207464	397.077	445.979	1.77664	0.748723	1.09994	246.950	1.11881	undefined	undefined	vapor
300.000	23.6677	48.4336	0.0206468	396.994	445.860	1.77558	0.749050	1.10133	246.851	1.11899	undefined	undefined	vapor
300.000	23.7642	48.6666	0.0205480	396.911	445.742	1.77452	0.749378	1.10272	246.751	1.11916	undefined	undefined	vapor
300.000	23.8606	48.8999	0.0204499	396.828	445.622	1.77346	0.749706	1.10412	246.651	1.11934	undefined	undefined	vapor
300.000	23.9571	49.1336	0.0203527	396.744	445.503	1.77241	0.750036	1.10553	246.551	1.11951	undefined	undefined	vapor
300.000	24.0535	49.3677	0.0202562	396.660	445.384	1.77136	0.750367	1.10694	246.451	1.11968	undefined	undefined	vapor
300.000	24.1500	49.6021	0.0201604	396.577	445.264	1.77031	0.750698	1.10836	246.351	1.11986	undefined	undefined	vapor
300.000	24.2465	49.8370	0.0200654	396.493	445.144	1.76926	0.751031	1.10979	246.251	1.12003	undefined	undefined	vapor
300.000	24.3429	50.0722	0.0199711	396.409	445.024	1.76822	0.751365	1.11122	246.150	1.12020	undefined	undefined	vapor
300.000	24.4394	50.3079	0.0198776	396.324	444.904	1.76718	0.751699	1.11266	246.050	1.12038	undefined	undefined	vapor
300.000	24.5358	50.5439	0.0197848	396.240	444.784	1.76614	0.752034	1.11410	245.949	1.12055	undefined	undefined	vapor
300.000	24.6323	50.7803	0.0196927	396.156	444.663	1.76510	0.752371	1.11555	245.848	1.12072	undefined	undefined	vapor
300.000	24.7288	51.0172	0.0196012	396.071	444.543	1.76407	0.752708	1.11701	245.747	1.12089	undefined	undefined	vapor
300.000	24.8252	51.2544	0.0195105	395.986	444.422	1.76304	0.753046	1.11847	245.646	1.12107	undefined	undefined	vapor
300.000	24.9217	51.4920	0.0194205	395.902	444.301	1.76201	0.753386	1.11994	245.545	1.12124	undefined	undefined	vapor
300.000	25.0181	51.7300	0.0193311	395.817	444.179	1.76098	0.753726	1.12142	245.444	1.12141	undefined	undefined	vapor
300.000	25.1146	51.9685	0.0192424	395.731	444.058	1.75996	0.754067	1.12290	245.343	1.12158	undefined	undefined	vapor
300.000	25.2110	52.2073	0.0191544	395.646	443.936	1.75893	0.754409	1.12439	245.241	1.12175	undefined	undefined	vapor
300.000	25.3075	52.4465	0.0190670	395.561	443.815	1.75791	0.754753	1.12589	245.139	1.12192	undefined	undefined	vapor
300.000	25.4040	52.6862	0.0189803	395.475	443.693	1.75689	0.755097	1.12739	245.038	1.12209	undefined	undefined	vapor
300.000	25.5004	52.9262	0.0188942	395.390	443.571	1.75588	0.755442	1.12890	244.936	1.12226	undefined	undefined	vapor
300.000	25.5969	53.1667	0.0188088	395.304	443.448	1.75486	0.755788	1.13041	244.834	1.12243	undefined	undefined	vapor
300.000	25.6933	53.4076	0.0187239	395.218	443.326	1.75385	0.756135	1.13194	244.732	1.12260	undefined	undefined	vapor
300.000	25.7898	53.6489	0.0186397	395.132	443.203	1.75284	0.756484	1.13347	244.629	1.12277	undefined	undefined	vapor
300.000	25.8863	53.8906	0.0185561	395.046	443.080	1.75184	0.756833	1.13501	244.527	1.12294	undefined	undefined	vapor
300.000	25.9827	54.1328	0.0184731	394.959	442.957	1.75083	0.757183	1.13655	244.425	1.12311	undefined	undefined	vapor
300.000	26.0792	54.3753	0.0183907	394.873	442.834	1.74983	0.757534	1.13810	244.322	1.12328	undefined	undefined	vapor
300.000	26.1756	54.6183	0.0183089	394.786	442.711	1.74883	0.757887	1.13966	244.219	1.12344	undefined	undefined	vapor
300.000	26.2721	54.8617	0.0182277	394.699	442.587	1.74783	0.758240	1.14123	244.116	1.12361	undefined	undefined	vapor
300.000	26.3685	55.1055	0.0181470	394.612	442.463	1.74683	0.758594	1.14280	244.013	1.12378	undefined	undefined	vapor
300.000	26.4650	55.3498	0.0180669	394.525	442.339	1.74583	0.758950	1.14438	243.910	1.12395	undefined	undefined	vapor
300.000	26.5615	55.5945	0.0179874	394.438	442.215	1.74484	0.759306	1.14597	243.807	1.12411	undefined	undefined	vapor
300.000	26.6579	55.8396	0.0179084	394.351	442.091	1.74385	0.759664	1.14757	243.704	1.12428	undefined	undefined	vapor
300.000	26.7544	56.0852	0.0178300	394.263	441.966	1.74286	0.760022	1.14917	243.600	1.12445	undefined	undefined	vapor
300.000	26.8508	56.3312	0.0177522	394.176	441.842	1.74187	0.760382	1.15078	243.496	1.12461	undefined	undefined	vapor
300.000	26.9473	56.5776	0.0176748	394.088	441.717	1.74089	0.760742	1.15240	243.393	1.12478	undefined	undefined	vapor
300.000	27.0438	56.8245	0.0175980	394.000	441.591	1.73990	0.761104	1.15402	243.289	1.12495	undefined	undefined	vapor
300.000	27.1402	57.0718	0.0175218	393.912	441.466	1.73892	0.761467	1.15566	243.185	1.12511	undefined	undefined	vapor
300.000	27.2367	57.3196	0.0174461	393.823	441.341	1.73794	0.761831	1.15730	243.080	1.12528	undefined	undefined	vapor
300.000	27.3331	57.5678	0.0173708	393.735	441.215	1.73696	0.762196	1.15895	242.976	1.12544	undefined	undefined	vapor
300.000	27.4296	57.8164	0.0172961	393.646	441.089	1.73598	0.762562	1.16060	242.872	1.12561	undefined	undefined	vapor
300.000	27.5260	58.0655	0.0172219	393.558	440.963	1.73501	0.762929	1.16227	242.767	1.12577	undefined	undefined	vapor
300.000	27.6225	58.3151	0.0171482	393.469	440.837	1.73403	0.763297	1.16394	242.662	1.12593	undefined	undefined	vapor
300.000	27.7190	58.5651	0.0170750	393.380	440.710	1.73306	0.763667	1.16562	242.558	1.12610	undefined	undefined	vapor
300.000	27.8154	58.8156	0.0170023	393.291	440.583	1.73209	0.764037	1.16731	242.453	1.12626	undefined	undefined	vapor
300.000	27.9119	59.0665	0.0169301	393.201	440.456	1.73112	0.764409	1.16901	242.347	1.12642	undefined	undefined	vapor
300.000	28.0083	59.3179	0.0168583	393.112	440.329	1.73016	0.764781	1.17071	242.242	1.12659	undefined	undefined	vapor
300.000	28.1048	59.5698	0.0167870	393.022	440.202	1.72919	0.765155	1.17243	242.137	1.12675	undefined	undefined	vapor
300.000	28.2013	59.8221	0.0167162	392.933	440.074	1.72823	0.765530	1.17415	242.031	1.12691	undefined	undefined	vapor
300.000	28.2977	60.0749	0.0166459	392.843	439.947	1.72726	0.765906	1.17588	241.926	1.12707	undefined	undefined	vapor
300.000	28.3942	60.3281	0.0165760	392.753	439.819	1.72630	0.766284	1.17762	241.820	1.12724	undefined	undefined	vapor
300.000	28.4906	60.5819	0.0165066	392.662	439.691	1.72535	0.766662	1.17936	241.714	1.12740	undefined	undefined	vapor
300.000	28.5871	60.8361	0.0164376	392.572	439.562	1.72439	0.767042	1.18112	241.608	1.12756	undefined	undefined	vapor
300.000	28.6835	61.0908	0.0163691	392.481	439.434	1.72343	0.767422	1.18288	241.502	1.12772	undefined	undefined	vapor
300.000	28.7800	61.3459	0.0163010	392.391	439.305	1.72248	0.767804	1.18465	241.395	1.12788	undefined	undefined	vapor
300.000	28.8765	61.6016	0.0162334	392.300	439.176	1.72152	0.768187	1.18644	241.289	1.12804	undefined	undefined	vapor
300.000	28.9729	61.8577	0.0161661	392.209	439.047	1.72057	0.768571	1.18823	241.182	1.12820	undefined	undefined	vapor
300.000	29.0694	62.1143	0.0160994	392.118	438.917	1.71962	0.768957	1.19003	241.075	1.12836	undefined	undefined	vapor
300.000	29.1658	62.3714	0.0160330	392.026	438.788	1.71867	0.769343	1.19184	240.968	1.12852	undefined	undefined	vapor
300.000	29.2623	62.6290	0.0159670	391.935	438.658	1.71773	0.769731	1.19365	240.861	1.12868	undefined	undefined	vapor
300.000	29.3588	62.8871	0.0159015	391.843	438.528	1.71678	0.770120	1.19548	240.754	1.12884	undefined	undefined	vapor
300.000	29.4552	63.1457	0.0158364	391.751	438.398	1.71584	0.770510	1.19732	240.646	1.12899	undefined	undefined	vapor
300.000	29.5517	63.4047	0.0157717	391.659	438.267	1.71489	0.770901	1.19916	240.539	1.12915	undefined	undefined	vapor
300.000	29.6481	63.6643	0.0157074	391.567	438.136	1.71395	0.771294	1.20101	240.431	1.12931	undefined	undefined	vapor
300.000	29.7446	63.9244	0.0156435	391.475	438.005	1.71301	0.771688	1.20288	240.323	1.12947	undefined	undefined	vapor
300.000	29.8410	64.1850	0.0155800	391.382	437.874	1.71207	0.772083	1.20475	240.215	1.12962	undefined	undefined	vapor
300.000	29.9375	64.4461	0.0155168	391.289	437.743	1.71113	0.772479	1.20663	240.107	1.12978	undefined	undefined	vapor
300.000	30.0340	64.7077	0.0154541	391.196	437.611	1.71020	0.772877	1.20853	239.999	1.12994	undefined	undefined	vapor
300.000	30.1304	64.9698	0.0153918	391.103	437.479	1.70926	0.773275	1.21043	239.891	1.13009	undefined	undefined	vapor
300.000	30.2269	65.2324	0.0153298	391.010	437.347	1.70833	0.773675	1.21234	239.782	1.13025	undefined	undefined	vapor
300.000	30.3233	65.4956	0.0152682	390.917	437.215	1.70740	0.774077	1.21426	239.673	1.13040	undefined	undefined	vapor
300.000	30.4198	65.7592	0.0152070	390.823	437.083	1.70646	0.774479	1.21620	239.564	1.13056	undefined	undefined	vapor
300.000	30.5163	66.0234	0.0151461	390.729	436.950	1.70553	0.774883	1.21814	239.455	1.13071	undefined	undefined	vapor
300.000	30.6127	66.2881	0.0150857	390.636	436.817	1.70460	0.775288	1.22009	239.346	1.13087	undefined	undefined	vapor
300.000	30.7092	66.5534	0.0150255	390.541	436.684	1.70368	0.775694	1.22205	239.237	1.13102	undefined	undefined	vapor
300.000	30.8056	66.8192	0.0149658	390.447	436.550	1.70275	0.776102	1.22402	239.127	1.13117	undefined	undefined	vapor
300.000	30.9021	67.0855	0.0149064	390.353	436.417	1.70182	0.776511	1.22601	239.018	1.13133	undefined	undefined	vapor
300.000	30.9985	67.3523	0.0148473	390.258	436.283	1.70090	0.776921	1.22800	238.908	1.13148	undefined	undefined	vapor
300.000	31.0950	67.6197	0.0147886	390.163	436.148	1.69997	0.777333	1.23000	238.798	1.13163	undefined	undefined	vapor
300.000	31.1915	67.8876	0.0147302	390.068	436.014	1.69905	0.777745	1.23202	238.688	1.13178	undefined	undefined	vapor
300.000	31.2879	68.1561	0.0146722	389.973	435.879	1.69813	0.778160	1.23404	238.577	1.13193	undefined	undefined	vapor
300.000	31.3844	68.4251	0.0146145	389.878	435.745	1.69721	0.778575	1.23608	238.467	1.13209	undefined	undefined	vapor
300.000	31.4808	68.6947	0.0145572	389.782	435.610	1.69629	0.778992	1.23813	238.356	1.13224	undefined	undefined	vapor
300.000	31.5773	68.9648	0.0145001	389.687	435.474	1.69537	0.779410	1.24018	238.245	1.13239	undefined	undefined	vapor
300.000	31.6738	69.2355	0.0144435	389.591	435.339	1.69446	0.779830	1.24225	238.135	1.13254	undefined	undefined	vapor
300.000	31.7702	69.5068	0.0143871	389.495	435.203	1.69354	0.780250	1.24433	238.023	1.13269	undefined	undefined	vapor
300.000	31.8667	69.7786	0.0143311	389.398	435.067	1.69262	0.780673	1.24642	237.912	1.13284	undefined	undefined	vapor
300.000	31.9631	70.0509	0.0142753	389.302	434.930	1.69171	0.781096	1.24853	237.801	1.13299	undefined	undefined	vapor
300.000	32.0596	70.3239	0.0142199	389.205	434.794	1.69080	0.781521	1.25064	237.689	1.13313	undefined	undefined	vapor
300.000	32.1560	70.5974	0.0141648	389.108	434.657	1.68988	0.781948	1.25277	237.577	1.13328	undefined	undefined	vapor
300.000	32.2525	70.8714	0.0141101	389.011	434.520	1.68897	0.782375	1.25490	237.465	1.13343	undefined	undefined	vapor
300.000	32.3490	71.1461	0.0140556	388.914	434.383	1.68806	0.782805	1.25705	237.353	1.13358	undefined	undefined	vapor
300.000	32.4454	71.4213	0.0140014	388.817	434.245	1.68715	0.783235	1.25921	237.241	1.13372	undefined	undefined	vapor
300.000	32.5419	71.6972	0.0139476	388.719	434.107	1.68624	0.783667	1.26139	237.128	1.13387	undefined	undefined	vapor
300.000	32.6383	71.9736	0.0138940	388.621	433.969	1.68534	0.784101	1.26357	237.016	1.13402	undefined	undefined	vapor
300.000	32.7348	72.2506	0.0138407	388.523	433.831	1.68443	0.784535	1.26577	236.903	1.13416	undefined	undefined	vapor
300.000	32.8313	72.5282	0.0137877	388.425	433.692	1.68352	0.784972	1.26798	236.790	1.13431	undefined	undefined	vapor
300.000	32.9277	72.8063	0.0137351	388.327	433.553	1.68262	0.785409	1.27020	236.677	1.13445	undefined	undefined	vapor
300.000	33.0242	73.0851	0.0136827	388.228	433.414	1.68171	0.785849	1.27243	236.564	1.13460	undefined	undefined	vapor
300.000	33.1206	73.3645	0.0136306	388.129	433.275	1.68081	0.786289	1.27468	236.450	1.13474	undefined	undefined	vapor
300.000	33.2171	73.6445	0.0135787	388.030	433.135	1.67991	0.786731	1.27694	236.336	1.13489	undefined	undefined	vapor
300.000	33.3135	73.9251	0.0135272	387.931	432.995	1.67900	0.787175	1.27921	236.223	1.13503	undefined	undefined	vapor
300.000	33.4100	74.2063	0.0134759	387.832	432.855	1.67810	0.787620	1.28149	236.109	1.13517	undefined	undefined	vapor
300.000	33.5065	74.4882	0.0134250	387.732	432.715	1.67720	0.788067	1.28379	235.994	1.13531	undefined	undefined	vapor
300.000	33.6029	74.7706	0.0133742	387.632	432.574	1.67630	0.788515	1.28610	235.880	1.13546	undefined	undefined	vapor
300.000	33.6994	75.0537	0.0133238	387.532	432.433	1.67540	0.788964	1.28843	235.765	1.13560	undefined	undefined	vapor
300.000	33.7958	75.3374	0.0132736	387.432	432.292	1.67450	0.789415	1.29077	235.651	1.13574	undefined	undefined	vapor
300.000	33.8923	75.6217	0.0132237	387.332	432.150	1.67361	0.789868	1.29312	235.536	1.13588	undefined	undefined	vapor
300.000	33.9888	75.9067	0.0131741	387.231	432.008	1.67271	0.790322	1.29548	235.421	1.13602	undefined	undefined	vapor
300.000	34.0852	76.1923	0.0131247	387.130	431.866	1.67181	0.790778	1.29786	235.305	1.13616	undefined	undefined	vapor
300.000	34.1817	76.4785	0.0130756	387.029	431.724	1.67092	0.791235	1.30025	235.190	1.13630	undefined	undefined	vapor
300.000	34.2781	76.7654	0.0130267	386.928	431.581	1.67002	0.791694	1.30266	235.074	1.13644	undefined	undefined	vapor
300.000	34.3746	77.0530	0.0129781	386.827	431.438	1.66913	0.792154	1.30508	234.958	1.13658	undefined	undefined	vapor
300.000	34.4710	77.3412	0.0129297	386.725	431.295	1.66823	0.792616	1.30752	234.842	1.13672	undefined	undefined	vapor
300.000	34.5675	77.6300	0.0128816	386.623	431.151	1.66734	0.793080	1.30996	234.726	1.13685	undefined	undefined	vapor
300.000	34.6640	77.9195	0.0128338	386.521	431.008	1.66645	0.793545	1.31243	234.610	1.13699	undefined	undefined	vapor
300.000	34.7604	78.2097	0.0127861	386.418	430.864	1.66556	0.794012	1.31491	234.493	1.13713	undefined	undefined	vapor
300.000	34.8569	78.5005	0.0127388	386.316	430.719	1.66466	0.794480	1.31740	234.376	1.13726	undefined	undefined	vapor
300.000	34.9533	78.7920	0.0126916	386.213	430.574	1.66377	0.794950	1.31991	234.259	1.13740	undefined	undefined	vapor
300.000	35.0498	79.0842	0.0126447	386.110	430.430	1.66288	0.795422	1.32243	234.142	1.13753	undefined	undefined	vapor
300.000	35.1463	79.3771	0.0125981	386.007	430.284	1.66199	0.795895	1.32497	234.025	1.13767	undefined	undefined	vapor
300.000	35.2427	79.6706	0.0125517	385.903	430.139	1.66110	0.796370	1.32752	233.907	1.13780	undefined	undefined	vapor
300.000	35.3392	79.9648	0.0125055	385.800	429.993	1.66021	0.796846	1.33009	233.789	1.13794	undefined	undefined	vapor
300.000	35.4356	80.2598	0.0124595	385.696	429.847	1.65933	0.797325	1.33268	233.671	1.13807	undefined	undefined	vapor
300.000	35.5321	80.5554	0.0124138	385.591	429.700	1.65844	0.797805	1.33528	233.553	1.13820	undefined	undefined	vapor
300.000	35.6285	80.8517	0.0123683	385.487	429.554	1.65755	0.798286	1.33790	233.435	1.13833	undefined	undefined	vapor
300.000	35.7250	81.1487	0.0123231	385.382	429.406	1.65666	0.798769	1.34053	233.316	1.13847	undefined	undefined	vapor
300.000	35.8215	81.4465	0.0122780	385.278	429.259	1.65578	0.799255	1.34318	233.197	1.13860	undefined	undefined	vapor
300.000	35.9179	81.7449	0.0122332	385.172	429.111	1.65489	0.799741	1.34585	233.078	1.13873	undefined	undefined	vapor
300.000	36.0144	82.0441	0.0121886	385.067	428.963	1.65400	0.800230	1.34853	232.959	1.13886	undefined	undefined	vapor
300.000	36.1108	82.3439	0.0121442	384.962	428.815	1.65312	0.800720	1.35123	232.840	1.13899	undefined	undefined	vapor
300.000	36.2073	82.6446	0.0121000	384.856	428.667	1.65223	0.801212	1.35394	232.720	1.13912	undefined	undefined	vapor
300.000	36.3038	82.9459	0.0120561	384.750	428.518	1.65135	0.801706	1.35668	232.600	1.13925	undefined	undefined	vapor
300.000	36.4002	83.2480	0.0120123	384.643	428.368	1.65046	0.802201	1.35943	232.480	1.13937	undefined	undefined	vapor
300.000	36.4967	83.5508	0.0119688	384.537	428.219	1.64958	0.802699	1.36219	232.360	1.13950	undefined	undefined	vapor
300.000	36.5931	83.8543	0.0119254	384.430	428.069	1.64870	0.803198	1.36498	232.239	1.13963	undefined	undefined	vapor
300.000	36.6896	84.1586	0.0118823	384.323	427.919	1.64781	0.803699	1.36778	232.119	1.13976	undefined	undefined	vapor
300.000	36.7860	84.4637	0.0118394	384.216	427.768	1.64693	0.804202	1.37060	231.998	1.13988	undefined	undefined	vapor
300.000	36.8825	84.7695	0.0117967	384.108	427.617	1.64605	0.804706	1.37344	231.877	1.14001	undefined	undefined	vapor
300.000	36.9790	85.0761	0.0117542	384.000	427.466	1.64516	0.805213	1.37630	231.755	1.14013	undefined	undefined	vapor
300.000	37.0754	85.3834	0.0117119	383.892	427.315	1.64428	0.805721	1.37918	231.634	1.14026	undefined	undefined	vapor
300.000	37.1719	85.6915	0.0116698	383.784	427.163	1.64340	0.806231	1.38207	231.512	1.14038	undefined	undefined	vapor
300.000	37.2683	86.0004	0.0116278	383.676	427.011	1.64252	0.806743	1.38499	231.390	1.14050	undefined	undefined	vapor
300.000	37.3648	86.3101	0.0115861	383.567	426.858	1.64164	0.807257	1.38792	231.268	1.14063	undefined	undefined	vapor
300.000	37.4613	86.6206	0.0115446	383.458	426.705	1.64075	0.807773	1.39087	231.145	1.14075	undefined	undefined	vapor
300.000	37.5577	86.9318	0.0115033	383.348	426.552	1.63987	0.808290	1.39384	231.023	1.14087	undefined	undefined	vapor
300.000	37.6542	87.2439	0.0114621	383.239	426.398	1.63899	0.808810	1.39683	230.900	1.14099	undefined	undefined	vapor
300.000	37.7506	87.5568	0.0114212	383.129	426.244	1.63811	0.809332	1.39984	230.777	1.14111	undefined	undefined	vapor
300.000	37.8471	87.8704	0.0113804	383.019	426.090	1.63723	0.809855	1.40288	230.653	1.14123	undefined	undefined	vapor
300.000	37.9435	88.1849	0.0113398	382.908	425.936	1.63635	0.810381	1.40593	230.530	1.14135	undefined	undefined	vapor
300.000	38.0400	88.5002	0.0112994	382.798	425.781	1.63547	0.810908	1.40900	230.406	1.14147	undefined	undefined	vapor
300.000	38.1365	88.8163	0.0112592	382.687	425.625	1.63459	0.811438	1.41209	230.282	1.14158	undefined	undefined	vapor
300.000	38.2329	89.1333	0.0112192	382.576	425.470	1.63371	0.811969	1.41521	230.158	1.14170	undefined	undefined	vapor
300.000	38.3294	89.4511	0.0111793	382.464	425.314	1.63283	0.812503	1.41834	230.033	1.14182	undefined	undefined	vapor
300.000	38.4258	89.7697	0.0111396	382.352	425.157	1.63195	0.813038	1.42150	229.909	1.14193	undefined	undefined	vapor
300.000	38.5223	90.0892	0.0111001	382.240	425.000	1.63107	0.813576	1.42468	229.784	1.14205	undefined	undefined	vapor
300.000	38.6188	90.4095	0.0110608	382.128	424.843	1.63019	0.814115	1.42788	229.658	1.14216	undefined	undefined	vapor
300.000	38.7152	90.7307	0.0110216	382.015	424.686	1.62931	0.814657	1.43110	229.533	1.14228	undefined	undefined	vapor
300.000	38.8117	91.0528	0.0109826	381.903	424.528	1.62843	0.815201	1.43434	229.407	1.14239	undefined	undefined	vapor
300.000	38.9081	91.3757	0.0109438	381.789	424.370	1.62755	0.815747	1.43761	229.281	1.14250	undefined	undefined	vapor
300.000	39.0046	91.6995	0.0109052	381.676	424.211	1.62667	0.816295	1.44090	229.155	1.14262	undefined	undefined	vapor
300.000	39.1010	92.0242	0.0108667	381.562	424.052	1.62579	0.816845	1.44421	229.029	1.14273	undefined	undefined	vapor
300.000	39.1975	92.3497	0.0108284	381.448	423.893	1.62491	0.817397	1.44755	228.902	1.14284	undefined	undefined	vapor
300.000	39.2940	92.6762	0.0107903	381.334	423.733	1.62403	0.817951	1.45091	228.775	1.14295	undefined	undefined	vapor
300.000	39.3904	93.0036	0.0107523	381.219	423.573	1.62315	0.818508	1.45430	228.648	1.14306	undefined	undefined	vapor
300.000	39.4869	93.3319	0.0107145	381.104	423.412	1.62227	0.819067	1.45770	228.520	1.14316	undefined	undefined	vapor
300.000	39.5833	93.6610	0.0106768	380.989	423.251	1.62139	0.819627	1.46114	228.393	1.14327	undefined	undefined	vapor
300.000	39.6798	93.9912	0.0106393	380.874	423.090	1.62051	0.820191	1.46460	228.265	1.14338	undefined	undefined	vapor
300.000	39.7763	94.3222	0.0106020	380.758	422.928	1.61963	0.820756	1.46808	228.136	1.14349	undefined	undefined	vapor
300.000	39.8727	94.6542	0.0105648	380.642	422.766	1.61875	0.821324	1.47159	228.008	1.14359	undefined	undefined	vapor
300.000	39.9692	94.9871	0.0105277	380.525	422.604	1.61787	0.821893	1.47512	227.879	1.14370	undefined	undefined	vapor
300.000	40.0656	95.3209	0.0104909	380.408	422.441	1.61698	0.822466	1.47868	227.750	1.14380	undefined	undefined	vapor
300.000	40.1621	95.6557	0.0104542	380.291	422.277	1.61610	0.823040	1.48227	227.621	1.14390	undefined	undefined	vapor
300.000	40.2585	95.9915	0.0104176	380.174	422.114	1.61522	0.823617	1.48588	227.491	1.14401	undefined	undefined	vapor
300.000	40.3550	96.3282	0.0103812	380.056	421.949	1.61434	0.824196	1.48952	227.362	1.14411	undefined	undefined	vapor
300.000	40.4515	96.6660	0.0103449	379.938	421.785	1.61346	0.824777	1.49318	227.232	1.14421	undefined	undefined	vapor
300.000	40.5479	97.0047	0.0103088	379.820	421.620	1.61258	0.825361	1.49688	227.101	1.14431	undefined	undefined	vapor
300.000	40.6444	97.3443	0.0102728	379.701	421.454	1.61169	0.825947	1.50060	226.971	1.14441	undefined	undefined	vapor
300.000	40.7408	97.6850	0.0102370	379.582	421.289	1.61081	0.826536	1.50435	226.840	1.14451	undefined	undefined	vapor
300.000	40.8373	98.0267	0.0102013	379.463	421.122	1.60993	0.827127	1.50813	226.708	1.14461	undefined	undefined	vapor
300.000	40.9338	98.3694	0.0101658	379.343	420.956	1.60904	0.827720	1.51193	226.577	1.14470	undefined	undefined	vapor
300.000	41.0302	98.7131	0.0101304	379.223	420.788	1.60816	0.828316	1.51577	226.445	1.14480	undefined	undefined	vapor
300.000	41.1267	99.0579	0.0100951	379.103	420.621	1.60728	0.828914	1.51963	226.313	1.14490	undefined	undefined	vapor
300.000	41.2231	99.4037	0.0100600	378.982	420.453	1.60639	0.829515	1.52353	226.181	1.14499	undefined	undefined	vapor
300.000	41.3196	99.7505	0.0100250	378.861	420.284	1.60551	0.830118	1.52746	226.048	1.14508	undefined	undefined	vapor
300.000	41.4160	100.098	0.00999017	378.740	420.115	1.60462	0.830724	1.53141	225.915	1.14518	undefined	undefined	vapor
300.000	41.5125	100.447	0.00995547	378.618	419.946	1.60374	0.831332	1.53540	225.782	1.14527	undefined	undefined	vapor
300.000	41.6090	100.797	0.00992090	378.496	419.776	1.60285	0.831943	1.53942	225.649	1.14536	undefined	undefined	vapor
300.000	41.7054	101.148	0.00988647	378.374	419.606	1.60197	0.832557	1.54347	225.515	1.14545	undefined	undefined	vapor
300.000	41.8019	101.501	0.00985216	378.251	419.435	1.60108	0.833173	1.54755	225.381	1.14554	undefined	undefined	vapor
300.000	41.8983	101.854	0.00981799	378.128	419.264	1.60019	0.833791	1.55167	225.247	1.14563	undefined	undefined	vapor
300.000	41.9948	102.208	0.00978396	378.005	419.092	1.59931	0.834413	1.55582	225.112	1.14572	undefined	undefined	vapor
300.000	42.0913	102.564	0.00975005	377.881	418.920	1.59842	0.835037	1.56000	224.977	1.14581	undefined	undefined	vapor
300.000	42.1877	102.920	0.00971626	377.757	418.747	1.59753	0.835663	1.56421	224.842	1.14589	undefined	undefined	vapor
300.000	42.2842	103.278	0.00968261	377.632	418.574	1.59664	0.836293	1.56846	224.706	1.14598	undefined	undefined	vapor
300.000	42.3806	103.637	0.00964908	377.507	418.400	1.59575	0.836925	1.57275	224.570	1.14606	undefined	undefined	vapor
300.000	42.4771	103.997	0.00961568	377.382	418.226	1.59486	0.837559	1.57707	224.434	1.14614	undefined	undefined	vapor
300.000	42.5735	104.358	0.00958241	377.256	418.052	1.59397	0.838197	1.58142	224.297	1.14623	undefined	undefined	vapor
300.000	42.6700	104.720	0.00954925	377.130	417.877	1.59308	0.838837	1.58581	224.161	1.14631	undefined	undefined	vapor
300.000	42.7665	105.084	0.00951622	377.004	417.701	1.59219	0.839480	1.59024	224.023	1.14639	undefined	undefined	vapor
300.000	42.8629	105.448	0.00948331	376.877	417.525	1.59129	0.840126	1.59471	223.886	1.14647	undefined	undefined	vapor
300.000	42.9594	105.814	0.00945052	376.750	417.348	1.59040	0.840775	1.59921	223.748	1.14655	undefined	undefined	vapor
300.000	43.0558	106.181	0.00941785	376.622	417.171	1.58951	0.841427	1.60375	223.610	1.14662	undefined	undefined	vapor
300.000	43.1523	106.550	0.00938529	376.494	416.994	1.58861	0.842081	1.60833	223.472	1.14670	undefined	undefined	vapor
300.000	43.2488	106.919	0.00935286	376.366	416.815	1.58772	0.842739	1.61295	223.333	1.14678	undefined	undefined	vapor
300.000	43.3452	107.290	0.00932054	376.237	416.637	1.58682	0.843399	1.61761	223.194	1.14685	undefined	undefined	vapor
300.000	43.4417	107.662	0.00928833	376.107	416.458	1.58593	0.844063	1.62231	223.054	1.14692	undefined	undefined	vapor
300.000	43.5381	108.035	0.00925624	375.978	416.278	1.58503	0.844729	1.62705	222.914	1.14700	undefined	undefined	vapor
300.000	43.6346	108.410	0.00922426	375.848	416.098	1.58413	0.845399	1.63183	222.774	1.14707	undefined	undefined	vapor
300.000	43.7310	108.786	0.00919240	375.717	415.917	1.58323	0.846071	1.63665	222.634	1.14714	undefined	undefined	vapor
300.000	43.8275	109.163	0.00916064	375.587	415.735	1.58233	0.846747	1.64152	222.493	1.14721	undefined	undefined	vapor
300.000	43.9240	109.541	0.00912900	375.455	415.553	1.58143	0.847425	1.64643	222.352	1.14727	undefined	undefined	vapor
300.000	44.0204	109.921	0.00909746	375.324	415.371	1.58053	0.848107	1.65138	222.210	1.14734	undefined	undefined	vapor
300.000	44.1169	110.302	0.00906603	375.191	415.188	1.57963	0.848792	1.65637	222.068	1.14741	undefined	undefined	vapor
300.000	44.2133	110.684	0.00903471	375.059	415.004	1.57873	0.849480	1.66142	221.926	1.14747	undefined	undefined	vapor
300.000	44.3098	111.068	0.00900350	374.926	414.820	1.57782	0.850171	1.66650	221.783	1.14753	undefined	undefined	vapor
300.000	44.4063	111.453	0.00897239	374.792	414.635	1.57692	0.850866	1.67164	221.640	1.14760	undefined	undefined	vapor
300.000	44.5027	111.839	0.00894139	374.658	414.450	1.57601	0.851564	1.67682	221.497	1.14766	undefined	undefined	vapor
300.000	44.5992	112.227	0.00891049	374.524	414.264	1.57510	0.852265	1.68204	221.353	1.14772	undefined	undefined	vapor
300.000	44.6956	112.617	0.00887969	374.389	414.078	1.57420	0.852969	1.68732	221.209	1.14778	undefined	undefined	vapor
300.000	44.7921	113.007	0.00884900	374.254	413.890	1.57329	0.853677	1.69265	221.065	1.14783	undefined	undefined	vapor
300.000	44.8885	113.399	0.00881840	374.118	413.703	1.57238	0.854388	1.69802	220.920	1.14789	undefined	undefined	vapor
300.000	44.9850	113.793	0.00878791	373.982	413.514	1.57147	0.855102	1.70345	220.774	1.14794	undefined	undefined	vapor
300.000	45.0815	114.188	0.00875751	373.845	413.326	1.57056	0.855820	1.70892	220.629	1.14800	undefined	undefined	vapor
300.000	45.1779	114.584	0.00872721	373.708	413.136	1.56964	0.856542	1.71445	220.483	1.14805	undefined	undefined	vapor
300.000	45.2744	114.982	0.00869701	373.571	412.946	1.56873	0.857267	1.72004	220.336	1.14810	undefined	undefined	vapor
300.000	45.3708	115.381	0.00866691	373.433	412.755	1.56781	0.857995	1.72567	220.190	1.14815	undefined	undefined	vapor
300.000	45.4673	115.782	0.00863690	373.294	412.564	1.56690	0.858727	1.73136	220.042	1.14820	undefined	undefined	vapor
300.000	45.5638	116.185	0.00860698	373.155	412.371	1.56598	0.859463	1.73711	219.895	1.14825	undefined	undefined	vapor
300.000	45.6602	116.589	0.00857716	373.015	412.179	1.56506	0.860202	1.74291	219.747	1.14829	undefined	undefined	vapor
300.000	45.7567	116.994	0.00854743	372.875	411.985	1.56414	0.860945	1.74877	219.598	1.14834	undefined	undefined	vapor
300.000	45.8531	117.401	0.00851779	372.735	411.791	1.56322	0.861691	1.75469	219.450	1.14838	undefined	undefined	vapor
300.000	45.9496	117.810	0.00848825	372.594	411.597	1.56230	0.862442	1.76066	219.300	1.14842	undefined	undefined	vapor
300.000	46.0460	118.220	0.00845879	372.452	411.401	1.56137	0.863196	1.76670	219.151	1.14846	undefined	undefined	vapor
300.000	46.1425	118.632	0.00842942	372.310	411.205	1.56045	0.863954	1.77280	219.001	1.14850	undefined	undefined	vapor
300.000	46.2390	119.046	0.00840014	372.167	411.008	1.55952	0.864715	1.77896	218.850	1.14854	undefined	undefined	vapor
300.000	46.3354	119.461	0.00837095	372.024	410.811	1.55859	0.865481	1.78518	218.699	1.14857	undefined	undefined	vapor
300.000	46.4319	119.878	0.00834184	371.880	410.613	1.55767	0.866250	1.79146	218.548	1.14861	undefined	undefined	vapor
300.000	46.5283	120.296	0.00831282	371.736	410.414	1.55674	0.867024	1.79781	218.396	1.14864	undefined	undefined	vapor
300.000	46.6248	120.716	0.00828389	371.591	410.215	1.55580	0.867801	1.80423	218.244	1.14867	undefined	undefined	vapor
300.000	46.7213	121.138	0.00825504	371.446	410.014	1.55487	0.868583	1.81071	218.091	1.14870	undefined	undefined	vapor
300.000	46.8177	121.562	0.00822627	371.300	409.813	1.55393	0.869368	1.81727	217.938	1.14873	undefined	undefined	vapor
300.000	46.9142	121.987	0.00819758	371.153	409.612	1.55300	0.870158	1.82389	217.784	1.14876	undefined	undefined	vapor
300.000	47.0106	122.414	0.00816898	371.006	409.409	1.55206	0.870952	1.83058	217.630	1.14878	undefined	undefined	vapor
300.000	47.1071	122.843	0.00814045	370.859	409.206	1.55112	0.871750	1.83734	217.475	1.14881	undefined	undefined	vapor
300.000	47.2035	123.274	0.00811201	370.710	409.002	1.55018	0.872552	1.84418	217.320	1.14883	undefined	undefined	vapor
300.000	47.3000	123.707	0.00808364	370.562	408.797	1.54924	0.873359	1.85109	217.165	1.14885	undefined	undefined	vapor
300.000	47.3965	124.141	0.00805535	370.412	408.592	1.54829	0.874170	1.85808	217.009	1.14886	undefined	undefined	vapor
300.000	47.4929	124.577	0.00802714	370.262	408.385	1.54735	0.874985	1.86514	216.852	1.14888	undefined	undefined	vapor
300.000	47.5894	125.016	0.00799900	370.111	408.178	1.54640	0.875805	1.87229	216.695	1.14890	undefined	undefined	vapor
300.000	47.6858	125.456	0.00797094	369.960	407.970	1.54545	0.876629	1.87951	216.538	1.14891	undefined	undefined	vapor
300.000	47.7823	125.898	0.00794296	369.808	407.762	1.54450	0.877458	1.88681	216.380	1.14892	undefined	undefined	vapor
300.000	47.8788	126.342	0.00791504	369.656	407.552	1.54354	0.878291	1.89420	216.222	1.14893	undefined	undefined	vapor
300.000	47.9752	126.788	0.00788720	369.503	407.342	1.54259	0.879129	1.90167	216.063	1.14894	undefined	undefined	vapor
300.000	48.0717	127.236	0.00785944	369.349	407.131	1.54163	0.879971	1.90922	215.903	1.14894	undefined	undefined	vapor
300.000	48.1681	127.686	0.00783174	369.195	406.919	1.54067	0.880819	1.91687	215.743	1.14895	undefined	undefined	vapor
300.000	48.2646	128.138	0.00780411	369.040	406.706	1.53971	0.881671	1.92460	215.583	1.14895	undefined	undefined	vapor
300.000	48.3610	128.592	0.00777655	368.884	406.492	1.53875	0.882527	1.93242	215.422	1.14895	undefined	undefined	vapor
300.000	48.4575	129.048	0.00774906	368.727	406.277	1.53778	0.883389	1.94034	215.260	1.14894	undefined	undefined	vapor
300.000	48.5540	129.506	0.00772164	368.570	406.062	1.53682	0.884256	1.94835	215.098	1.14894	undefined	undefined	vapor
300.000	48.6504	129.967	0.00769429	368.413	405.846	1.53585	0.885127	1.95645	214.935	1.14893	undefined	undefined	vapor
300.000	48.7469	130.429	0.00766700	368.254	405.628	1.53488	0.886004	1.96465	214.772	1.14893	undefined	undefined	vapor
300.000	48.8433	130.894	0.00763977	368.095	405.410	1.53390	0.886886	1.97296	214.608	1.14892	undefined	undefined	vapor
300.000	48.9398	131.361	0.00761261	367.935	405.191	1.53293	0.887773	1.98136	214.444	1.14890	undefined	undefined	vapor
300.000	49.0363	131.830	0.00758551	367.774	404.971	1.53195	0.888665	1.98987	214.279	1.14889	undefined	undefined	vapor
300.000	49.1327	132.302	0.00755848	367.613	404.750	1.53097	0.889562	1.99848	214.114	1.14887	undefined	undefined	vapor
300.000	49.2292	132.776	0.00753150	367.451	404.528	1.52999	0.890465	2.00720	213.948	1.14885	undefined	undefined	vapor
300.000	49.3256	133.252	0.00750459	367.288	404.305	1.52900	0.891373	2.01603	213.781	1.14883	undefined	undefined	vapor
300.000	49.4221	133.730	0.00747773	367.125	404.081	1.52802	0.892287	2.02498	213.614	1.14881	undefined	undefined	vapor
300.000	49.5185	134.211	0.00745094	366.960	403.856	1.52703	0.893206	2.03403	213.446	1.14878	undefined	undefined	vapor
300.000	49.6150	134.695	0.00742420	366.795	403.630	1.52603	0.894130	2.04321	213.277	1.14875	undefined	undefined	vapor
300.000	49.7115	135.180	0.00739752	366.629	403.403	1.52504	0.895061	2.05250	213.108	1.14872	undefined	undefined	vapor
300.000	49.8079	135.669	0.00737089	366.463	403.176	1.52404	0.895997	2.06192	212.939	1.14869	undefined	undefined	vapor
300.000	49.9044	136.160	0.00734432	366.295	402.947	1.52304	0.896939	2.07146	212.768	1.14865	undefined	undefined	vapor
300.000	50.0008	136.653	0.00731781	366.127	402.717	1.52204	0.897887	2.08113	212.597	1.14861	undefined	undefined	vapor
300.000	50.0973	137.149	0.00729135	365.958	402.485	1.52103	0.898841	2.09092	212.426	1.14857	undefined	undefined	vapor
300.000	50.1937	137.647	0.00726494	365.788	402.253	1.52003	0.899800	2.10085	212.253	1.14853	undefined	undefined	vapor
300.000	50.2902	138.149	0.00723858	365.617	402.020	1.51902	0.900766	2.11092	212.080	1.14848	undefined	undefined	vapor
300.000	50.3867	138.653	0.00721227	365.445	401.786	1.51800	0.901738	2.12112	211.907	1.14843	undefined	undefined	vapor
300.000	50.4831	139.159	0.00718601	365.273	401.550	1.51698	0.902717	2.13147	211.733	1.14838	undefined	undefined	vapor
300.000	50.5796	139.669	0.00715980	365.099	401.313	1.51597	0.903702	2.14196	211.558	1.14832	undefined	undefined	vapor
300.000	50.6760	140.181	0.00713364	364.925	401.075	1.51494	0.904693	2.15260	211.382	1.14827	undefined	undefined	vapor
300.000	50.7725	140.696	0.00710752	364.750	400.836	1.51392	0.905691	2.16339	211.206	1.14821	undefined	undefined	vapor
300.000	50.8690	141.214	0.00708145	364.574	400.596	1.51289	0.906695	2.17434	211.029	1.14814	undefined	undefined	vapor
300.000	50.9654	141.735	0.00705543	364.397	400.355	1.51186	0.907706	2.18544	210.851	1.14808	undefined	undefined	vapor
300.000	51.0619	142.259	0.00702944	364.219	400.112	1.51082	0.908724	2.19671	210.672	1.14801	undefined	undefined	vapor
300.000	51.1583	142.786	0.00700351	364.040	399.868	1.50978	0.909748	2.20814	210.493	1.14793	undefined	undefined	vapor
300.000	51.2548	143.316	0.00697761	363.860	399.623	1.50874	0.910780	2.21974	210.313	1.14786	undefined	undefined	vapor
300.000	51.3512	143.849	0.00695175	363.679	399.377	1.50770	0.911819	2.23152	210.132	1.14778	undefined	undefined	vapor
300.000	51.4477	144.385	0.00692593	363.497	399.129	1.50665	0.912865	2.24348	209.951	1.14770	undefined	undefined	vapor
300.000	51.5442	144.924	0.00690016	363.314	398.880	1.50559	0.913918	2.25562	209.768	1.14761	undefined	undefined	vapor
300.000	51.6406	145.467	0.00687442	363.130	398.630	1.50454	0.914979	2.26794	209.585	1.14752	undefined	undefined	vapor
300.000	51.7371	146.013	0.00684871	362.945	398.378	1.50348	0.916047	2.28046	209.401	1.14743	undefined	undefined	vapor
300.000	51.8335	146.562	0.00682304	362.759	398.125	1.50242	0.917123	2.29318	209.216	1.14733	undefined	undefined	vapor
300.000	51.9300	147.115	0.00679741	362.571	397.870	1.50135	0.918206	2.30610	209.031	1.14723	undefined	undefined	vapor
300.000	52.0265	147.671	0.00677181	362.383	397.614	1.50028	0.919298	2.31922	208.844	1.14713	undefined	undefined	vapor
300.000	52.1229	148.231	0.00674624	362.194	397.357	1.49920	0.920397	2.33256	208.657	1.14702	undefined	undefined	vapor
300.000	52.2194	148.794	0.00672070	362.003	397.098	1.49812	0.921504	2.34612	208.469	1.14691	undefined	undefined	vapor
300.000	52.3158	149.361	0.00669519	361.812	396.838	1.49704	0.922620	2.35990	208.280	1.14680	undefined	undefined	vapor
300.000	52.4123	149.932	0.00666971	361.619	396.576	1.49595	0.923744	2.37391	208.090	1.14668	undefined	undefined	vapor
300.000	52.5087	150.506	0.00664426	361.425	396.313	1.49486	0.924876	2.38816	207.899	1.14655	undefined	undefined	vapor
300.000	52.6052	151.084	0.00661883	361.229	396.048	1.49376	0.926017	2.40265	207.708	1.14643	undefined	undefined	vapor
300.000	52.7017	151.666	0.00659343	361.033	395.782	1.49266	0.927167	2.41739	207.515	1.14629	undefined	undefined	vapor
300.000	52.7981	152.252	0.00656805	360.835	395.513	1.49156	0.928325	2.43239	207.321	1.14616	undefined	undefined	vapor
300.000	52.8946	152.842	0.00654270	360.636	395.244	1.49045	0.929493	2.44765	207.127	1.14602	undefined	undefined	vapor
300.000	52.9910	153.436	0.00651736	360.436	394.972	1.48933	0.930670	2.46318	206.931	1.14587	undefined	undefined	vapor
300.000	53.0875	154.035	0.00649205	360.234	394.699	1.48821	0.931856	2.47900	206.735	1.14572	undefined	undefined	vapor
300.000	53.1840	154.637	0.00646675	360.032	394.424	1.48709	0.933052	2.49510	206.537	1.14557	undefined	undefined	vapor
300.000	53.2804	155.244	0.00644147	359.827	394.148	1.48596	0.934257	2.51150	206.339	1.14541	undefined	undefined	vapor
300.000	53.3769	155.855	0.00641621	359.622	393.869	1.48482	0.935472	2.52820	206.139	1.14525	undefined	undefined	vapor
300.000	53.4733	156.471	0.00639096	359.415	393.589	1.48368	0.936697	2.54522	205.939	1.14508	undefined	undefined	vapor
300.000	53.5698	157.091	0.00636573	359.206	393.307	1.48254	0.937933	2.56256	205.737	1.14491	undefined	undefined	vapor
300.000	53.6662	157.716	0.00634050	358.996	393.023	1.48139	0.939178	2.58023	205.534	1.14473	undefined	undefined	vapor
300.000	53.7627	158.346	0.00631529	358.785	392.737	1.48023	0.940434	2.59825	205.330	1.14454	undefined	undefined	vapor
300.000	53.8592	158.980	0.00629008	358.572	392.449	1.47907	0.941701	2.61663	205.125	1.14435	undefined	undefined	vapor
300.000	53.9556	159.620	0.00626488	358.357	392.160	1.47790	0.942979	2.63537	204.919	1.14416	undefined	undefined	vapor
300.000	54.0521	160.264	0.00623969	358.141	391.868	1.47673	0.944268	2.65450	204.711	1.14396	undefined	undefined	vapor
300.000	54.1485	160.914	0.00621450	357.923	391.574	1.47555	0.945569	2.67401	204.503	1.14375	undefined	undefined	vapor
300.000	54.2450	161.569	0.00618931	357.704	391.278	1.47436	0.946881	2.69393	204.293	1.14354	undefined	undefined	vapor
300.000	54.3415	162.229	0.00616412	357.483	390.979	1.47317	0.948204	2.71427	204.082	1.14332	undefined	undefined	vapor
300.000	54.4379	162.895	0.00613893	357.260	390.679	1.47197	0.949540	2.73504	203.870	1.14309	undefined	undefined	vapor
300.000	54.5344	163.566	0.00611373	357.035	390.376	1.47076	0.950888	2.75626	203.656	1.14286	undefined	undefined	vapor
300.000	54.6308	164.243	0.00608853	356.809	390.071	1.46955	0.952249	2.77794	203.441	1.14262	undefined	undefined	vapor
300.000	54.7273	164.926	0.00606332	356.581	389.764	1.46833	0.953622	2.80011	203.225	1.14237	undefined	undefined	vapor
300.000	54.8237	165.615	0.00603811	356.351	389.454	1.46710	0.955009	2.82277	203.007	1.14212	undefined	undefined	vapor
300.000	54.9202	166.310	0.00601288	356.119	389.142	1.46587	0.956409	2.84595	202.788	1.14186	undefined	undefined	vapor
300.000	55.0167	167.011	0.00598764	355.885	388.827	1.46463	0.957822	2.86966	202.568	1.14160	undefined	undefined	vapor
300.000	55.1131	167.718	0.00596238	355.649	388.510	1.46338	0.959249	2.89393	202.346	1.14132	undefined	undefined	vapor
300.000	55.2096	168.432	0.00593710	355.412	388.190	1.46212	0.960691	2.91878	202.122	1.14104	undefined	undefined	vapor
300.000	55.3060	169.153	0.00591181	355.172	387.867	1.46085	0.962147	2.94422	201.897	1.14075	undefined	undefined	vapor
300.000	55.4025	169.881	0.00588649	354.929	387.542	1.45958	0.963618	2.97029	201.671	1.14045	undefined	undefined	vapor
300.000	55.4990	170.615	0.00586114	354.685	387.214	1.45830	0.965104	2.99701	201.443	1.14014	undefined	undefined	vapor
300.000	55.5954	171.357	0.00583577	354.439	386.883	1.45701	0.966606	3.02441	201.213	1.13983	undefined	undefined	vapor
300.000	55.6919	172.106	0.00581037	354.190	386.549	1.45571	0.968124	3.05251	200.982	1.13950	undefined	undefined	vapor
300.000	55.7883	172.863	0.00578493	353.939	386.212	1.45440	0.969658	3.08134	200.749	1.13917	undefined	undefined	vapor
300.000	55.8848	173.627	0.00575946	353.685	385.872	1.45308	0.971209	3.11093	200.514	1.13882	undefined	undefined	vapor
300.000	55.9812	174.400	0.00573395	353.429	385.528	1.45175	0.972777	3.14132	200.277	1.13847	undefined	undefined	vapor
300.000	56.0777	175.181	0.00570839	353.170	385.182	1.45041	0.974362	3.17255	200.039	1.13811	undefined	undefined	vapor
300.000	56.1742	175.970	0.00568280	352.909	384.832	1.44906	0.975966	3.20465	199.799	1.13773	undefined	undefined	vapor
300.000	56.2706	176.768	0.00565715	352.645	384.478	1.44770	0.977588	3.23765	199.556	1.13735	undefined	undefined	vapor
300.000	56.3671	177.574	0.00563145	352.378	384.121	1.44633	0.979229	3.27162	199.312	1.13695	undefined	undefined	vapor
300.000	56.4635	178.390	0.00560569	352.109	383.761	1.44494	0.980890	3.30658	199.066	1.13655	undefined	undefined	vapor
300.000	56.5600	179.215	0.00557988	351.836	383.396	1.44355	0.982570	3.34258	198.818	1.13613	undefined	undefined	vapor
300.000	56.6565	180.050	0.00555400	351.561	383.028	1.44214	0.984272	3.37969	198.567	1.13570	undefined	undefined	vapor
300.000	56.7529	180.896	0.00552805	351.282	382.656	1.44072	0.985994	3.41795	198.314	1.13525	undefined	undefined	vapor
300.000	56.8494	181.751	0.00550203	351.001	382.279	1.43929	0.987739	3.45742	198.059	1.13480	undefined	undefined	vapor
300.000	56.9458	182.617	0.00547594	350.716	381.899	1.43785	0.989506	3.49818	197.802	1.13433	undefined	undefined	vapor
300.000	57.0423	183.494	0.00544976	350.427	381.514	1.43639	0.991296	3.54027	197.543	1.13384	undefined	undefined	vapor
300.000	57.1387	184.383	0.00542350	350.135	381.124	1.43491	0.993110	3.58379	197.280	1.13334	undefined	undefined	vapor
300.000	57.2352	185.283	0.00539715	349.840	380.730	1.43343	0.994949	3.62881	197.016	1.13283	undefined	undefined	vapor
300.000	57.3317	186.196	0.00537070	349.540	380.331	1.43192	0.996814	3.67541	196.748	1.13230	undefined	undefined	vapor
300.000	57.4281	187.121	0.00534414	349.237	379.927	1.43040	0.998704	3.72369	196.478	1.13175	undefined	undefined	vapor
300.000	57.5246	188.059	0.00531748	348.930	379.518	1.42887	1.00062	3.77374	196.205	1.13119	undefined	undefined	vapor
300.000	57.6210	189.011	0.00529070	348.618	379.104	1.42732	1.00257	3.82568	195.930	1.13060	undefined	undefined	vapor
300.000	57.7175	189.977	0.00526380	348.302	378.684	1.42575	1.00454	3.87963	195.651	1.13000	undefined	undefined	vapor
300.000	57.8140	190.957	0.00523677	347.982	378.258	1.42416	1.00655	3.93570	195.369	1.12938	undefined	undefined	vapor
300.000	57.9104	191.953	0.00520960	347.657	377.826	1.42255	1.00859	3.99405	195.084	1.12874	undefined	undefined	vapor
300.000	58.0069	192.965	0.00518228	347.327	377.388	1.42093	1.01066	4.05483	194.795	1.12808	undefined	undefined	vapor
300.000	58.1033	193.993	0.00515482	346.992	376.944	1.41928	1.01276	4.11820	194.503	1.12740	undefined	undefined	vapor
300.000	58.1998	195.039	0.00512718	346.652	376.492	1.41761	1.01490	4.18435	194.207	1.12669	undefined	undefined	vapor
300.000	58.2962	196.102	0.00509937	346.307	376.034	1.41592	1.01707	4.25348	193.908	1.12596	undefined	undefined	vapor
300.000	58.3927	197.185	0.00507138	345.955	375.568	1.41420	1.01929	4.32582	193.604	1.12521	undefined	undefined	vapor
300.000	58.4892	198.287	0.00504319	345.598	375.095	1.41246	1.02154	4.40162	193.297	1.12442	undefined	undefined	vapor
300.000	58.5856	199.410	0.00501479	345.234	374.613	1.41069	1.02384	4.48116	192.985	1.12361	undefined	undefined	vapor
300.000	58.6821	200.555	0.00498617	344.863	374.123	1.40890	1.02618	4.56474	192.668	1.12277	undefined	undefined	vapor
300.000	58.7785	201.722	0.00495731	344.486	373.624	1.40708	1.02856	4.65271	192.347	1.12190	undefined	undefined	vapor
300.000	58.8744	202.906	0.00492839	344.104	373.120	1.40523	1.03098	4.74483	192.023	1.12100	undefined	undefined	vapor
300.000	58.8744	724.701	0.00137988	227.115	235.239	0.945634	0.953798	4.36733	331.567	0.174751	undefined	undefined	liquid
300.000	58.8750	724.704	0.00137987	227.115	235.239	0.945632	0.953797	4.36721	331.570	0.174746	undefined	undefined	liquid
