Temperature Pressure  Density Volume  InternalEnergy  Enthalpy  Entropy Cv  Cp  Spd Joule-Thomson Viscosity Therm.Cond. Phase
285.000	41.8197	840.918	0.00118918	188.137	193.110	0.809187	0.918747	2.64723	468.861	0.0692249	undefined	undefined	liquid
285.000	41.8833	841.002	0.00118906	188.119	193.099	0.809120	0.918721	2.64610	469.014	0.0691513	undefined	undefined	liquid
285.000	41.9470	841.085	0.00118894	188.100	193.087	0.809052	0.918696	2.64498	469.167	0.0690778	undefined	undefined	liquid
285.000	42.0106	841.168	0.00118882	188.081	193.075	0.808985	0.918670	2.64386	469.320	0.0690045	undefined	undefined	liquid
285.000	42.0742	841.251	0.00118871	188.062	193.064	0.808918	0.918644	2.64274	469.472	0.0689313	undefined	undefined	liquid
285.000	42.1379	841.334	0.00118859	188.044	193.052	0.808851	0.918619	2.64163	469.624	0.0688583	undefined	undefined	liquid
285.000	42.2015	841.417	0.00118847	188.025	193.041	0.808783	0.918593	2.64052	469.776	0.0687853	undefined	undefined	liquid
285.000	42.2651	841.500	0.00118835	188.007	193.029	0.808716	0.918568	2.63941	469.928	0.0687125	undefined	undefined	liquid
285.000	42.3288	841.583	0.00118824	187.988	193.018	0.808649	0.918543	2.63830	470.080	0.0686399	undefined	undefined	liquid
285.000	42.3924	841.666	0.00118812	187.969	193.006	0.808582	0.918517	2.63720	470.232	0.0685673	undefined	undefined	liquid
285.000	42.4560	841.748	0.00118800	187.951	192.995	0.808516	0.918492	2.63610	470.383	0.0684949	undefined	undefined	liquid
285.000	42.5197	841.831	0.00118789	187.932	192.983	0.808449	0.918467	2.63500	470.534	0.0684227	undefined	undefined	liquid
285.000	42.5833	841.913	0.00118777	187.914	192.972	0.808382	0.918442	2.63391	470.686	0.0683505	undefined	undefined	liquid
285.000	42.6469	841.995	0.00118765	187.895	192.960	0.808315	0.918417	2.63281	470.837	0.0682785	undefined	undefined	liquid
285.000	42.7106	842.078	0.00118754	187.877	192.949	0.808249	0.918392	2.63172	470.988	0.0682066	undefined	undefined	liquid
285.000	42.7742	842.160	0.00118742	187.858	192.937	0.808182	0.918367	2.63064	471.138	0.0681349	undefined	undefined	liquid
285.000	42.8378	842.242	0.00118731	187.840	192.926	0.808116	0.918342	2.62955	471.289	0.0680633	undefined	undefined	liquid
285.000	42.9015	842.324	0.00118719	187.821	192.915	0.808049	0.918317	2.62847	471.439	0.0679918	undefined	undefined	liquid
285.000	42.9651	842.406	0.00118708	187.803	192.903	0.807983	0.918293	2.62739	471.590	0.0679204	undefined	undefined	liquid
285.000	43.0287	842.488	0.00118696	187.785	192.892	0.807917	0.918268	2.62631	471.740	0.0678492	undefined	undefined	liquid
285.000	43.0924	842.569	0.00118685	187.766	192.881	0.807850	0.918243	2.62524	471.890	0.0677781	undefined	undefined	liquid
285.000	43.1560	842.651	0.00118673	187.748	192.869	0.807784	0.918219	2.62417	472.040	0.0677071	undefined	undefined	liquid
285.000	43.2196	842.733	0.00118662	187.729	192.858	0.807718	0.918194	2.62310	472.189	0.0676362	undefined	undefined	liquid
285.000	43.2833	842.814	0.00118650	187.711	192.847	0.807652	0.918170	2.62203	472.339	0.0675655	undefined	undefined	liquid
285.000	43.3469	842.896	0.00118639	187.693	192.835	0.807586	0.918145	2.62096	472.488	0.0674949	undefined	undefined	liquid
285.000	43.4105	842.977	0.00118627	187.674	192.824	0.807520	0.918121	2.61990	472.638	0.0674244	undefined	undefined	liquid
285.000	43.4742	843.058	0.00118616	187.656	192.813	0.807454	0.918097	2.61884	472.787	0.0673540	undefined	undefined	liquid
285.000	43.5378	843.139	0.00118604	187.638	192.802	0.807388	0.918072	2.61779	472.936	0.0672838	undefined	undefined	liquid
285.000	43.6014	843.220	0.00118593	187.620	192.790	0.807322	0.918048	2.61673	473.085	0.0672137	undefined	undefined	liquid
285.000	43.6651	843.301	0.00118582	187.601	192.779	0.807257	0.918024	2.61568	473.233	0.0671437	undefined	undefined	liquid
285.000	43.7287	843.382	0.00118570	187.583	192.768	0.807191	0.918000	2.61463	473.382	0.0670738	undefined	undefined	liquid
285.000	43.7923	843.463	0.00118559	187.565	192.757	0.807125	0.917976	2.61358	473.530	0.0670041	undefined	undefined	liquid
285.000	43.8560	843.544	0.00118547	187.547	192.746	0.807060	0.917952	2.61254	473.679	0.0669344	undefined	undefined	liquid
285.000	43.9196	843.625	0.00118536	187.529	192.735	0.806994	0.917928	2.61150	473.827	0.0668649	undefined	undefined	liquid
285.000	43.9833	843.705	0.00118525	187.511	192.724	0.806929	0.917904	2.61046	473.975	0.0667955	undefined	undefined	liquid
285.000	44.0469	843.786	0.00118514	187.492	192.713	0.806864	0.917881	2.60942	474.123	0.0667263	undefined	undefined	liquid
285.000	44.1105	843.866	0.00118502	187.474	192.701	0.806798	0.917857	2.60838	474.270	0.0666571	undefined	undefined	liquid
285.000	44.1742	843.946	0.00118491	187.456	192.690	0.806733	0.917833	2.60735	474.418	0.0665881	undefined	undefined	liquid
285.000	44.2378	844.027	0.00118480	187.438	192.679	0.806668	0.917810	2.60632	474.565	0.0665192	undefined	undefined	liquid
285.000	44.3014	844.107	0.00118468	187.420	192.668	0.806603	0.917786	2.60529	474.713	0.0664504	undefined	undefined	liquid
285.000	44.3651	844.187	0.00118457	187.402	192.657	0.806538	0.917763	2.60427	474.860	0.0663818	undefined	undefined	liquid
285.000	44.4287	844.267	0.00118446	187.384	192.646	0.806473	0.917739	2.60325	475.007	0.0663132	undefined	undefined	liquid
285.000	44.4923	844.347	0.00118435	187.366	192.635	0.806408	0.917716	2.60222	475.154	0.0662448	undefined	undefined	liquid
285.000	44.5560	844.427	0.00118424	187.348	192.624	0.806343	0.917692	2.60121	475.301	0.0661765	undefined	undefined	liquid
285.000	44.6196	844.507	0.00118412	187.330	192.613	0.806278	0.917669	2.60019	475.447	0.0661083	undefined	undefined	liquid
285.000	44.6832	844.586	0.00118401	187.312	192.603	0.806213	0.917646	2.59918	475.594	0.0660402	undefined	undefined	liquid
285.000	44.7469	844.666	0.00118390	187.294	192.592	0.806148	0.917623	2.59816	475.740	0.0659723	undefined	undefined	liquid
285.000	44.8105	844.746	0.00118379	187.276	192.581	0.806084	0.917599	2.59716	475.886	0.0659045	undefined	undefined	liquid
285.000	44.8741	844.825	0.00118368	187.258	192.570	0.806019	0.917576	2.59615	476.032	0.0658367	undefined	undefined	liquid
285.000	44.9378	844.905	0.00118357	187.240	192.559	0.805954	0.917553	2.59514	476.178	0.0657691	undefined	undefined	liquid
285.000	45.0014	844.984	0.00118345	187.222	192.548	0.805890	0.917530	2.59414	476.324	0.0657016	undefined	undefined	liquid
285.000	45.0650	845.063	0.00118334	187.205	192.537	0.805826	0.917507	2.59314	476.470	0.0656342	undefined	undefined	liquid
285.000	45.1287	845.142	0.00118323	187.187	192.526	0.805761	0.917485	2.59214	476.615	0.0655670	undefined	undefined	liquid
285.000	45.1923	845.221	0.00118312	187.169	192.516	0.805697	0.917462	2.59115	476.761	0.0654998	undefined	undefined	liquid
285.000	45.2559	845.300	0.00118301	187.151	192.505	0.805633	0.917439	2.59015	476.906	0.0654328	undefined	undefined	liquid
285.000	45.3196	845.379	0.00118290	187.133	192.494	0.805568	0.917416	2.58916	477.051	0.0653659	undefined	undefined	liquid
285.000	45.3832	845.458	0.00118279	187.115	192.483	0.805504	0.917394	2.58817	477.196	0.0652991	undefined	undefined	liquid
285.000	45.4468	845.537	0.00118268	187.098	192.473	0.805440	0.917371	2.58719	477.341	0.0652324	undefined	undefined	liquid
285.000	45.5105	845.616	0.00118257	187.080	192.462	0.805376	0.917348	2.58620	477.486	0.0651658	undefined	undefined	liquid
285.000	45.5741	845.694	0.00118246	187.062	192.451	0.805312	0.917326	2.58522	477.630	0.0650993	undefined	undefined	liquid
285.000	45.6377	845.773	0.00118235	187.044	192.440	0.805248	0.917303	2.58424	477.775	0.0650330	undefined	undefined	liquid
285.000	45.7014	845.852	0.00118224	187.027	192.430	0.805184	0.917281	2.58326	477.919	0.0649667	undefined	undefined	liquid
285.000	45.7650	845.930	0.00118213	187.009	192.419	0.805120	0.917259	2.58229	478.063	0.0649006	undefined	undefined	liquid
285.000	45.8286	846.008	0.00118202	186.991	192.408	0.805056	0.917236	2.58131	478.207	0.0648346	undefined	undefined	liquid
285.000	45.8923	846.087	0.00118191	186.974	192.398	0.804993	0.917214	2.58034	478.351	0.0647686	undefined	undefined	liquid
285.000	45.9559	846.165	0.00118180	186.956	192.387	0.804929	0.917192	2.57937	478.495	0.0647028	undefined	undefined	liquid
285.000	46.0195	846.243	0.00118169	186.938	192.377	0.804865	0.917170	2.57841	478.639	0.0646371	undefined	undefined	liquid
285.000	46.0832	846.321	0.00118158	186.921	192.366	0.804802	0.917148	2.57744	478.782	0.0645716	undefined	undefined	liquid
285.000	46.1468	846.399	0.00118148	186.903	192.355	0.804738	0.917126	2.57648	478.926	0.0645061	undefined	undefined	liquid
285.000	46.2104	846.477	0.00118137	186.886	192.345	0.804675	0.917104	2.57552	479.069	0.0644407	undefined	undefined	liquid
285.000	46.2741	846.555	0.00118126	186.868	192.334	0.804611	0.917082	2.57456	479.212	0.0643755	undefined	undefined	liquid
285.000	46.3377	846.632	0.00118115	186.850	192.324	0.804548	0.917060	2.57360	479.355	0.0643103	undefined	undefined	liquid
285.000	46.4013	846.710	0.00118104	186.833	192.313	0.804485	0.917038	2.57265	479.498	0.0642453	undefined	undefined	liquid
285.000	46.4650	846.788	0.00118093	186.815	192.303	0.804422	0.917016	2.57170	479.641	0.0641803	undefined	undefined	liquid
285.000	46.5286	846.865	0.00118083	186.798	192.292	0.804358	0.916994	2.57074	479.784	0.0641155	undefined	undefined	liquid
285.000	46.5922	846.943	0.00118072	186.780	192.282	0.804295	0.916973	2.56980	479.926	0.0640508	undefined	undefined	liquid
285.000	46.6559	847.020	0.00118061	186.763	192.271	0.804232	0.916951	2.56885	480.068	0.0639862	undefined	undefined	liquid
285.000	46.7195	847.097	0.00118050	186.745	192.261	0.804169	0.916929	2.56791	480.211	0.0639217	undefined	undefined	liquid
285.000	46.7831	847.175	0.00118039	186.728	192.250	0.804106	0.916908	2.56696	480.353	0.0638573	undefined	undefined	liquid
285.000	46.8468	847.252	0.00118029	186.711	192.240	0.804043	0.916886	2.56602	480.495	0.0637930	undefined	undefined	liquid
285.000	46.9104	847.329	0.00118018	186.693	192.229	0.803980	0.916865	2.56509	480.637	0.0637288	undefined	undefined	liquid
285.000	46.9740	847.406	0.00118007	186.676	192.219	0.803917	0.916843	2.56415	480.779	0.0636647	undefined	undefined	liquid
285.000	47.0377	847.483	0.00117996	186.658	192.209	0.803855	0.916822	2.56322	480.920	0.0636007	undefined	undefined	liquid
285.000	47.1013	847.560	0.00117986	186.641	192.198	0.803792	0.916801	2.56228	481.062	0.0635368	undefined	undefined	liquid
285.000	47.1649	847.637	0.00117975	186.624	192.188	0.803729	0.916779	2.56135	481.203	0.0634731	undefined	undefined	liquid
285.000	47.2286	847.713	0.00117964	186.606	192.178	0.803667	0.916758	2.56043	481.344	0.0634094	undefined	undefined	liquid
285.000	47.2922	847.790	0.00117954	186.589	192.167	0.803604	0.916737	2.55950	481.486	0.0633458	undefined	undefined	liquid
285.000	47.3558	847.867	0.00117943	186.572	192.157	0.803542	0.916716	2.55858	481.627	0.0632824	undefined	undefined	liquid
285.000	47.4195	847.943	0.00117932	186.554	192.147	0.803479	0.916695	2.55765	481.767	0.0632190	undefined	undefined	liquid
285.000	47.4831	848.020	0.00117922	186.537	192.136	0.803417	0.916674	2.55673	481.908	0.0631558	undefined	undefined	liquid
285.000	47.5467	848.096	0.00117911	186.520	192.126	0.803354	0.916653	2.55582	482.049	0.0630926	undefined	undefined	liquid
285.000	47.6104	848.172	0.00117901	186.503	192.116	0.803292	0.916632	2.55490	482.189	0.0630296	undefined	undefined	liquid
285.000	47.6740	848.249	0.00117890	186.485	192.106	0.803230	0.916611	2.55399	482.330	0.0629666	undefined	undefined	liquid
285.000	47.7376	848.325	0.00117879	186.468	192.095	0.803168	0.916590	2.55307	482.470	0.0629038	undefined	undefined	liquid
285.000	47.8013	848.401	0.00117869	186.451	192.085	0.803106	0.916569	2.55216	482.610	0.0628410	undefined	undefined	liquid
285.000	47.8649	848.477	0.00117858	186.434	192.075	0.803043	0.916548	2.55125	482.750	0.0627784	undefined	undefined	liquid
285.000	47.9285	848.553	0.00117848	186.417	192.065	0.802981	0.916528	2.55035	482.890	0.0627158	undefined	undefined	liquid
285.000	47.9922	848.629	0.00117837	186.399	192.055	0.802919	0.916507	2.54944	483.030	0.0626534	undefined	undefined	liquid
285.000	48.0558	848.705	0.00117827	186.382	192.044	0.802857	0.916486	2.54854	483.170	0.0625910	undefined	undefined	liquid
285.000	48.1194	848.780	0.00117816	186.365	192.034	0.802796	0.916466	2.54764	483.309	0.0625288	undefined	undefined	liquid
285.000	48.1831	848.856	0.00117806	186.348	192.024	0.802734	0.916445	2.54674	483.449	0.0624667	undefined	undefined	liquid
285.000	48.2467	848.932	0.00117795	186.331	192.014	0.802672	0.916425	2.54584	483.588	0.0624046	undefined	undefined	liquid
285.000	48.3104	849.007	0.00117785	186.314	192.004	0.802610	0.916404	2.54495	483.727	0.0623427	undefined	undefined	liquid
285.000	48.3740	849.083	0.00117774	186.297	191.994	0.802548	0.916384	2.54406	483.866	0.0622808	undefined	undefined	liquid
285.000	48.4376	849.158	0.00117764	186.280	191.984	0.802487	0.916363	2.54316	484.005	0.0622191	undefined	undefined	liquid
285.000	48.5013	849.233	0.00117753	186.263	191.974	0.802425	0.916343	2.54227	484.144	0.0621574	undefined	undefined	liquid
285.000	48.5649	849.309	0.00117743	186.246	191.964	0.802364	0.916323	2.54139	484.283	0.0620959	undefined	undefined	liquid
285.000	48.6285	849.384	0.00117732	186.229	191.954	0.802302	0.916303	2.54050	484.421	0.0620344	undefined	undefined	liquid
285.000	48.6922	849.459	0.00117722	186.212	191.944	0.802241	0.916282	2.53962	484.560	0.0619730	undefined	undefined	liquid
285.000	48.7558	849.534	0.00117712	186.195	191.934	0.802179	0.916262	2.53874	484.698	0.0619118	undefined	undefined	liquid
285.000	48.8194	849.609	0.00117701	186.178	191.924	0.802118	0.916242	2.53785	484.836	0.0618506	undefined	undefined	liquid
285.000	48.8831	849.684	0.00117691	186.161	191.914	0.802057	0.916222	2.53698	484.975	0.0617895	undefined	undefined	liquid
285.000	48.9467	849.759	0.00117680	186.144	191.904	0.801995	0.916202	2.53610	485.113	0.0617286	undefined	undefined	liquid
285.000	49.0103	849.834	0.00117670	186.127	191.894	0.801934	0.916182	2.53522	485.251	0.0616677	undefined	undefined	liquid
285.000	49.0740	849.909	0.00117660	186.110	191.884	0.801873	0.916162	2.53435	485.388	0.0616069	undefined	undefined	liquid
285.000	49.1376	849.983	0.00117649	186.093	191.874	0.801812	0.916142	2.53348	485.526	0.0615462	undefined	undefined	liquid
285.000	49.2012	850.058	0.00117639	186.076	191.864	0.801751	0.916123	2.53261	485.664	0.0614856	undefined	undefined	liquid
285.000	49.2649	850.132	0.00117629	186.059	191.854	0.801690	0.916103	2.53174	485.801	0.0614251	undefined	undefined	liquid
285.000	49.3285	850.207	0.00117618	186.042	191.844	0.801629	0.916083	2.53088	485.938	0.0613647	undefined	undefined	liquid
285.000	49.3921	850.281	0.00117608	186.025	191.834	0.801568	0.916063	2.53001	486.076	0.0613044	undefined	undefined	liquid
285.000	49.4558	850.356	0.00117598	186.009	191.824	0.801507	0.916044	2.52915	486.213	0.0612442	undefined	undefined	liquid
285.000	49.5194	850.430	0.00117588	185.992	191.815	0.801446	0.916024	2.52829	486.350	0.0611841	undefined	undefined	liquid
285.000	49.5830	850.504	0.00117577	185.975	191.805	0.801386	0.916005	2.52743	486.486	0.0611240	undefined	undefined	liquid
285.000	49.6467	850.578	0.00117567	185.958	191.795	0.801325	0.915985	2.52657	486.623	0.0610641	undefined	undefined	liquid
285.000	49.7103	850.652	0.00117557	185.941	191.785	0.801264	0.915966	2.52572	486.760	0.0610043	undefined	undefined	liquid
285.000	49.7739	850.726	0.00117547	185.925	191.775	0.801203	0.915946	2.52486	486.896	0.0609445	undefined	undefined	liquid
285.000	49.8376	850.800	0.00117536	185.908	191.766	0.801143	0.915927	2.52401	487.033	0.0608849	undefined	undefined	liquid
285.000	49.9012	850.874	0.00117526	185.891	191.756	0.801082	0.915907	2.52316	487.169	0.0608253	undefined	undefined	liquid
285.000	49.9648	850.948	0.00117516	185.874	191.746	0.801022	0.915888	2.52231	487.305	0.0607658	undefined	undefined	liquid
285.000	50.0285	851.022	0.00117506	185.858	191.736	0.800961	0.915869	2.52147	487.441	0.0607064	undefined	undefined	liquid
285.000	50.0921	851.096	0.00117496	185.841	191.727	0.800901	0.915849	2.52062	487.577	0.0606472	undefined	undefined	liquid
285.000	50.1557	851.169	0.00117485	185.824	191.717	0.800841	0.915830	2.51978	487.713	0.0605880	undefined	undefined	liquid
285.000	50.2194	851.243	0.00117475	185.808	191.707	0.800780	0.915811	2.51894	487.849	0.0605289	undefined	undefined	liquid
285.000	50.2830	851.316	0.00117465	185.791	191.697	0.800720	0.915792	2.51810	487.984	0.0604698	undefined	undefined	liquid
285.000	50.3466	851.390	0.00117455	185.774	191.688	0.800660	0.915773	2.51726	488.120	0.0604109	undefined	undefined	liquid
285.000	50.4103	851.463	0.00117445	185.758	191.678	0.800600	0.915754	2.51642	488.255	0.0603521	undefined	undefined	liquid
285.000	50.4739	851.536	0.00117435	185.741	191.668	0.800540	0.915735	2.51559	488.391	0.0602933	undefined	undefined	liquid
285.000	50.5375	851.610	0.00117425	185.724	191.659	0.800480	0.915716	2.51475	488.526	0.0602347	undefined	undefined	liquid
285.000	50.6012	851.683	0.00117415	185.708	191.649	0.800420	0.915697	2.51392	488.661	0.0601761	undefined	undefined	liquid
285.000	50.6648	851.756	0.00117405	185.691	191.639	0.800360	0.915678	2.51309	488.796	0.0601176	undefined	undefined	liquid
285.000	50.7284	851.829	0.00117394	185.675	191.630	0.800300	0.915659	2.51226	488.931	0.0600592	undefined	undefined	liquid
285.000	50.7921	851.902	0.00117384	185.658	191.620	0.800240	0.915641	2.51144	489.065	0.0600009	undefined	undefined	liquid
285.000	50.8557	851.975	0.00117374	185.642	191.611	0.800180	0.915622	2.51061	489.200	0.0599427	undefined	undefined	liquid
285.000	50.9193	852.048	0.00117364	185.625	191.601	0.800120	0.915603	2.50979	489.335	0.0598846	undefined	undefined	liquid
285.000	50.9830	852.121	0.00117354	185.609	191.592	0.800061	0.915584	2.50897	489.469	0.0598266	undefined	undefined	liquid
285.000	51.0466	852.194	0.00117344	185.592	191.582	0.800001	0.915566	2.50815	489.603	0.0597686	undefined	undefined	liquid
285.000	51.1102	852.266	0.00117334	185.576	191.572	0.799941	0.915547	2.50733	489.737	0.0597108	undefined	undefined	liquid
285.000	51.1739	852.339	0.00117324	185.559	191.563	0.799882	0.915529	2.50651	489.872	0.0596530	undefined	undefined	liquid
285.000	51.2375	852.411	0.00117314	185.543	191.553	0.799822	0.915510	2.50569	490.006	0.0595953	undefined	undefined	liquid
285.000	51.3011	852.484	0.00117304	185.526	191.544	0.799762	0.915492	2.50488	490.139	0.0595377	undefined	undefined	liquid
285.000	51.3648	852.556	0.00117294	185.510	191.534	0.799703	0.915473	2.50407	490.273	0.0594802	undefined	undefined	liquid
285.000	51.4284	852.629	0.00117284	185.493	191.525	0.799644	0.915455	2.50326	490.407	0.0594228	undefined	undefined	liquid
285.000	51.4920	852.701	0.00117274	185.477	191.516	0.799584	0.915436	2.50245	490.540	0.0593654	undefined	undefined	liquid
285.000	51.5557	852.773	0.00117264	185.460	191.506	0.799525	0.915418	2.50164	490.674	0.0593082	undefined	undefined	liquid
285.000	51.6193	852.845	0.00117255	185.444	191.497	0.799466	0.915400	2.50083	490.807	0.0592510	undefined	undefined	liquid
285.000	51.6829	852.918	0.00117245	185.428	191.487	0.799406	0.915382	2.50003	490.940	0.0591939	undefined	undefined	liquid
285.000	51.7466	852.990	0.00117235	185.411	191.478	0.799347	0.915363	2.49923	491.074	0.0591369	undefined	undefined	liquid
285.000	51.8102	853.062	0.00117225	185.395	191.468	0.799288	0.915345	2.49843	491.207	0.0590800	undefined	undefined	liquid
285.000	51.8738	853.134	0.00117215	185.379	191.459	0.799229	0.915327	2.49763	491.339	0.0590232	undefined	undefined	liquid
285.000	51.9375	853.206	0.00117205	185.362	191.450	0.799170	0.915309	2.49683	491.472	0.0589664	undefined	undefined	liquid
285.000	52.0011	853.277	0.00117195	185.346	191.440	0.799111	0.915291	2.49603	491.605	0.0589098	undefined	undefined	liquid
285.000	52.0647	853.349	0.00117185	185.330	191.431	0.799052	0.915273	2.49524	491.738	0.0588532	undefined	undefined	liquid
285.000	52.1284	853.421	0.00117175	185.313	191.422	0.798993	0.915255	2.49444	491.870	0.0587967	undefined	undefined	liquid
285.000	52.1920	853.493	0.00117166	185.297	191.412	0.798934	0.915237	2.49365	492.002	0.0587403	undefined	undefined	liquid
285.000	52.2556	853.564	0.00117156	185.281	191.403	0.798875	0.915219	2.49286	492.135	0.0586840	undefined	undefined	liquid
285.000	52.3193	853.636	0.00117146	185.265	191.394	0.798816	0.915201	2.49207	492.267	0.0586277	undefined	undefined	liquid
285.000	52.3829	853.707	0.00117136	185.248	191.384	0.798758	0.915184	2.49128	492.399	0.0585716	undefined	undefined	liquid
285.000	52.4466	853.779	0.00117126	185.232	191.375	0.798699	0.915166	2.49050	492.531	0.0585155	undefined	undefined	liquid
285.000	52.5102	853.850	0.00117117	185.216	191.366	0.798640	0.915148	2.48971	492.663	0.0584595	undefined	undefined	liquid
285.000	52.5738	853.921	0.00117107	185.200	191.357	0.798582	0.915130	2.48893	492.795	0.0584036	undefined	undefined	liquid
285.000	52.6375	853.992	0.00117097	185.184	191.347	0.798523	0.915113	2.48815	492.926	0.0583478	undefined	undefined	liquid
285.000	52.7011	854.064	0.00117087	185.167	191.338	0.798464	0.915095	2.48737	493.058	0.0582920	undefined	undefined	liquid
285.000	52.7647	854.135	0.00117078	185.151	191.329	0.798406	0.915077	2.48659	493.189	0.0582364	undefined	undefined	liquid
285.000	52.8284	854.206	0.00117068	185.135	191.320	0.798348	0.915060	2.48581	493.321	0.0581808	undefined	undefined	liquid
285.000	52.8920	854.277	0.00117058	185.119	191.310	0.798289	0.915042	2.48504	493.452	0.0581253	undefined	undefined	liquid
285.000	52.9556	854.348	0.00117048	185.103	191.301	0.798231	0.915025	2.48426	493.583	0.0580699	undefined	undefined	liquid
285.000	53.0193	854.419	0.00117039	185.087	191.292	0.798172	0.915007	2.48349	493.714	0.0580145	undefined	undefined	liquid
285.000	53.0829	854.489	0.00117029	185.071	191.283	0.798114	0.914990	2.48272	493.845	0.0579593	undefined	undefined	liquid
285.000	53.1465	854.560	0.00117019	185.055	191.274	0.798056	0.914973	2.48195	493.976	0.0579041	undefined	undefined	liquid
285.000	53.2102	854.631	0.00117010	185.039	191.265	0.797998	0.914955	2.48118	494.107	0.0578490	undefined	undefined	liquid
285.000	53.2738	854.702	0.00117000	185.023	191.256	0.797940	0.914938	2.48042	494.237	0.0577940	undefined	undefined	liquid
285.000	53.3374	854.772	0.00116990	185.006	191.246	0.797881	0.914921	2.47965	494.368	0.0577390	undefined	undefined	liquid
285.000	53.4011	854.843	0.00116981	184.990	191.237	0.797823	0.914903	2.47889	494.498	0.0576842	undefined	undefined	liquid
285.000	53.4647	854.913	0.00116971	184.974	191.228	0.797765	0.914886	2.47812	494.629	0.0576294	undefined	undefined	liquid
285.000	53.5283	854.984	0.00116961	184.958	191.219	0.797707	0.914869	2.47736	494.759	0.0575747	undefined	undefined	liquid
285.000	53.5920	855.054	0.00116952	184.942	191.210	0.797649	0.914852	2.47660	494.889	0.0575200	undefined	undefined	liquid
285.000	53.6556	855.124	0.00116942	184.926	191.201	0.797592	0.914835	2.47585	495.019	0.0574655	undefined	undefined	liquid
285.000	53.7192	855.195	0.00116932	184.910	191.192	0.797534	0.914818	2.47509	495.149	0.0574110	undefined	undefined	liquid
285.000	53.7829	855.265	0.00116923	184.894	191.183	0.797476	0.914801	2.47433	495.279	0.0573567	undefined	undefined	liquid
285.000	53.8465	855.335	0.00116913	184.879	191.174	0.797418	0.914784	2.47358	495.408	0.0573023	undefined	undefined	liquid
285.000	53.9101	855.405	0.00116904	184.863	191.165	0.797360	0.914767	2.47283	495.538	0.0572481	undefined	undefined	liquid
285.000	53.9738	855.475	0.00116894	184.847	191.156	0.797303	0.914750	2.47208	495.668	0.0571940	undefined	undefined	liquid
285.000	54.0374	855.545	0.00116885	184.831	191.147	0.797245	0.914733	2.47133	495.797	0.0571399	undefined	undefined	liquid
285.000	54.1010	855.615	0.00116875	184.815	191.138	0.797187	0.914716	2.47058	495.926	0.0570859	undefined	undefined	liquid
285.000	54.1647	855.685	0.00116865	184.799	191.129	0.797130	0.914699	2.46983	496.056	0.0570320	undefined	undefined	liquid
285.000	54.2283	855.755	0.00116856	184.783	191.120	0.797072	0.914683	2.46909	496.185	0.0569781	undefined	undefined	liquid
285.000	54.2919	855.824	0.00116846	184.767	191.111	0.797015	0.914666	2.46834	496.314	0.0569244	undefined	undefined	liquid
285.000	54.3556	855.894	0.00116837	184.751	191.102	0.796957	0.914649	2.46760	496.443	0.0568707	undefined	undefined	liquid
285.000	54.4192	855.964	0.00116827	184.736	191.093	0.796900	0.914633	2.46686	496.572	0.0568170	undefined	undefined	liquid
285.000	54.4828	856.033	0.00116818	184.720	191.084	0.796843	0.914616	2.46612	496.700	0.0567635	undefined	undefined	liquid
285.000	54.5465	856.103	0.00116808	184.704	191.075	0.796785	0.914599	2.46538	496.829	0.0567100	undefined	undefined	liquid
285.000	54.6101	856.172	0.00116799	184.688	191.066	0.796728	0.914583	2.46464	496.958	0.0566567	undefined	undefined	liquid
285.000	54.6737	856.242	0.00116789	184.672	191.058	0.796671	0.914566	2.46390	497.086	0.0566034	undefined	undefined	liquid
285.000	54.7374	856.311	0.00116780	184.657	191.049	0.796614	0.914550	2.46317	497.215	0.0565501	undefined	undefined	liquid
285.000	54.8010	856.380	0.00116771	184.641	191.040	0.796557	0.914533	2.46244	497.343	0.0564970	undefined	undefined	liquid
285.000	54.8646	856.449	0.00116761	184.625	191.031	0.796499	0.914517	2.46170	497.471	0.0564439	undefined	undefined	liquid
285.000	54.9283	856.519	0.00116752	184.609	191.022	0.796442	0.914501	2.46097	497.599	0.0563909	undefined	undefined	liquid
285.000	54.9919	856.588	0.00116742	184.593	191.013	0.796385	0.914484	2.46024	497.727	0.0563379	undefined	undefined	liquid
285.000	55.0555	856.657	0.00116733	184.578	191.005	0.796328	0.914468	2.45952	497.855	0.0562851	undefined	undefined	liquid
285.000	55.1192	856.726	0.00116723	184.562	190.996	0.796271	0.914452	2.45879	497.983	0.0562323	undefined	undefined	liquid
285.000	55.1828	856.795	0.00116714	184.546	190.987	0.796214	0.914435	2.45806	498.111	0.0561796	undefined	undefined	liquid
285.000	55.2464	856.864	0.00116705	184.531	190.978	0.796158	0.914419	2.45734	498.238	0.0561269	undefined	undefined	liquid
285.000	55.3101	856.933	0.00116695	184.515	190.969	0.796101	0.914403	2.45662	498.366	0.0560744	undefined	undefined	liquid
285.000	55.3737	857.001	0.00116686	184.499	190.961	0.796044	0.914387	2.45590	498.493	0.0560219	undefined	undefined	liquid
285.000	55.4373	857.070	0.00116677	184.484	190.952	0.795987	0.914371	2.45518	498.620	0.0559695	undefined	undefined	liquid
285.000	55.5010	857.139	0.00116667	184.468	190.943	0.795930	0.914354	2.45446	498.748	0.0559171	undefined	undefined	liquid
285.000	55.5646	857.207	0.00116658	184.452	190.934	0.795874	0.914338	2.45374	498.875	0.0558648	undefined	undefined	liquid
285.000	55.6282	857.276	0.00116649	184.437	190.926	0.795817	0.914322	2.45302	499.002	0.0558126	undefined	undefined	liquid
285.000	55.6919	857.345	0.00116639	184.421	190.917	0.795761	0.914306	2.45231	499.129	0.0557605	undefined	undefined	liquid
285.000	55.7555	857.413	0.00116630	184.406	190.908	0.795704	0.914290	2.45159	499.256	0.0557085	undefined	undefined	liquid
285.000	55.8191	857.482	0.00116621	184.390	190.900	0.795647	0.914275	2.45088	499.382	0.0556565	undefined	undefined	liquid
285.000	55.8828	857.550	0.00116611	184.374	190.891	0.795591	0.914259	2.45017	499.509	0.0556046	undefined	undefined	liquid
285.000	55.9464	857.618	0.00116602	184.359	190.882	0.795535	0.914243	2.44946	499.636	0.0555527	undefined	undefined	liquid
285.000	56.0100	857.686	0.00116593	184.343	190.874	0.795478	0.914227	2.44875	499.762	0.0555010	undefined	undefined	liquid
285.000	56.0737	857.755	0.00116583	184.328	190.865	0.795422	0.914211	2.44804	499.889	0.0554493	undefined	undefined	liquid
285.000	56.1373	857.823	0.00116574	184.312	190.856	0.795366	0.914195	2.44734	500.015	0.0553977	undefined	undefined	liquid
285.000	56.2009	857.891	0.00116565	184.297	190.848	0.795309	0.914180	2.44663	500.141	0.0553461	undefined	undefined	liquid
285.000	56.2646	857.959	0.00116556	184.281	190.839	0.795253	0.914164	2.44593	500.267	0.0552946	undefined	undefined	liquid
285.000	56.3282	858.027	0.00116546	184.266	190.831	0.795197	0.914148	2.44523	500.393	0.0552432	undefined	undefined	liquid
285.000	56.3918	858.095	0.00116537	184.250	190.822	0.795141	0.914133	2.44453	500.519	0.0551919	undefined	undefined	liquid
285.000	56.4555	858.163	0.00116528	184.235	190.813	0.795084	0.914117	2.44383	500.645	0.0551406	undefined	undefined	liquid
285.000	56.5191	858.231	0.00116519	184.219	190.805	0.795028	0.914101	2.44313	500.771	0.0550894	undefined	undefined	liquid
285.000	56.5827	858.299	0.00116510	184.204	190.796	0.794972	0.914086	2.44243	500.896	0.0550383	undefined	undefined	liquid
285.000	56.6464	858.366	0.00116500	184.188	190.788	0.794916	0.914070	2.44173	501.022	0.0549872	undefined	undefined	liquid
285.000	56.7100	858.434	0.00116491	184.173	190.779	0.794860	0.914055	2.44104	501.148	0.0549362	undefined	undefined	liquid
285.000	56.7737	858.502	0.00116482	184.157	190.771	0.794804	0.914039	2.44034	501.273	0.0548853	undefined	undefined	liquid
285.000	56.8373	858.569	0.00116473	184.142	190.762	0.794749	0.914024	2.43965	501.398	0.0548345	undefined	undefined	liquid
285.000	56.9009	858.637	0.00116464	184.127	190.754	0.794693	0.914009	2.43896	501.523	0.0547837	undefined	undefined	liquid
285.000	56.9646	858.704	0.00116455	184.111	190.745	0.794637	0.913993	2.43827	501.649	0.0547330	undefined	undefined	liquid
285.000	57.0282	858.772	0.00116445	184.096	190.737	0.794581	0.913978	2.43758	501.774	0.0546823	undefined	undefined	liquid
285.000	57.0918	858.839	0.00116436	184.081	190.728	0.794525	0.913963	2.43689	501.899	0.0546318	undefined	undefined	liquid
285.000	57.1555	858.906	0.00116427	184.065	190.720	0.794470	0.913947	2.43621	502.023	0.0545813	undefined	undefined	liquid
285.000	57.2191	858.974	0.00116418	184.050	190.711	0.794414	0.913932	2.43552	502.148	0.0545308	undefined	undefined	liquid
285.000	57.2827	859.041	0.00116409	184.035	190.703	0.794358	0.913917	2.43484	502.273	0.0544805	undefined	undefined	liquid
285.000	57.3464	859.108	0.00116400	184.019	190.694	0.794303	0.913902	2.43416	502.397	0.0544302	undefined	undefined	liquid
285.000	57.4100	859.175	0.00116391	184.004	190.686	0.794247	0.913887	2.43347	502.522	0.0543799	undefined	undefined	liquid
285.000	57.4736	859.242	0.00116382	183.989	190.677	0.794192	0.913872	2.43279	502.646	0.0543298	undefined	undefined	liquid
285.000	57.5373	859.309	0.00116373	183.973	190.669	0.794136	0.913856	2.43211	502.771	0.0542797	undefined	undefined	liquid
285.000	57.6009	859.376	0.00116363	183.958	190.661	0.794081	0.913841	2.43144	502.895	0.0542296	undefined	undefined	liquid
285.000	57.6645	859.443	0.00116354	183.943	190.652	0.794025	0.913826	2.43076	503.019	0.0541797	undefined	undefined	liquid
285.000	57.7282	859.510	0.00116345	183.928	190.644	0.793970	0.913811	2.43008	503.143	0.0541298	undefined	undefined	liquid
285.000	57.7918	859.577	0.00116336	183.912	190.636	0.793915	0.913796	2.42941	503.267	0.0540800	undefined	undefined	liquid
285.000	57.8554	859.644	0.00116327	183.897	190.627	0.793859	0.913782	2.42873	503.391	0.0540302	undefined	undefined	liquid
285.000	57.9191	859.710	0.00116318	183.882	190.619	0.793804	0.913767	2.42806	503.515	0.0539805	undefined	undefined	liquid
285.000	57.9827	859.777	0.00116309	183.867	190.611	0.793749	0.913752	2.42739	503.638	0.0539309	undefined	undefined	liquid
285.000	58.0463	859.844	0.00116300	183.851	190.602	0.793694	0.913737	2.42672	503.762	0.0538813	undefined	undefined	liquid
285.000	58.1100	859.910	0.00116291	183.836	190.594	0.793639	0.913722	2.42605	503.886	0.0538318	undefined	undefined	liquid
285.000	58.1736	859.977	0.00116282	183.821	190.586	0.793583	0.913707	2.42538	504.009	0.0537824	undefined	undefined	liquid
285.000	58.2372	860.043	0.00116273	183.806	190.577	0.793528	0.913693	2.42472	504.132	0.0537331	undefined	undefined	liquid
285.000	58.3009	860.110	0.00116264	183.791	190.569	0.793473	0.913678	2.42405	504.256	0.0536838	undefined	undefined	liquid
285.000	58.3645	860.176	0.00116255	183.776	190.561	0.793418	0.913663	2.42339	504.379	0.0536345	undefined	undefined	liquid
285.000	58.4281	860.242	0.00116246	183.760	190.552	0.793363	0.913649	2.42272	504.502	0.0535854	undefined	undefined	liquid
285.000	58.4918	860.309	0.00116237	183.745	190.544	0.793309	0.913634	2.42206	504.625	0.0535363	undefined	undefined	liquid
285.000	58.5554	860.375	0.00116228	183.730	190.536	0.793254	0.913619	2.42140	504.748	0.0534872	undefined	undefined	liquid
285.000	58.6190	860.441	0.00116219	183.715	190.528	0.793199	0.913605	2.42074	504.871	0.0534383	undefined	undefined	liquid
285.000	58.6827	860.507	0.00116211	183.700	190.519	0.793144	0.913590	2.42008	504.994	0.0533894	undefined	undefined	liquid
285.000	58.7463	860.573	0.00116202	183.685	190.511	0.793089	0.913576	2.41943	505.116	0.0533405	undefined	undefined	liquid
285.000	58.8099	860.639	0.00116193	183.670	190.503	0.793034	0.913561	2.41877	505.239	0.0532917	undefined	undefined	liquid
285.000	58.8736	860.705	0.00116184	183.655	190.495	0.792980	0.913547	2.41811	505.361	0.0532430	undefined	undefined	liquid
285.000	58.9372	860.771	0.00116175	183.640	190.487	0.792925	0.913532	2.41746	505.484	0.0531944	undefined	undefined	liquid
285.000	59.0008	860.837	0.00116166	183.625	190.478	0.792870	0.913518	2.41681	505.606	0.0531458	undefined	undefined	liquid
285.000	59.0645	860.903	0.00116157	183.610	190.470	0.792816	0.913504	2.41615	505.728	0.0530973	undefined	undefined	liquid
285.000	59.1281	860.969	0.00116148	183.595	190.462	0.792761	0.913489	2.41550	505.851	0.0530488	undefined	undefined	liquid
285.000	59.1917	861.034	0.00116139	183.580	190.454	0.792707	0.913475	2.41485	505.973	0.0530005	undefined	undefined	liquid
285.000	59.2554	861.100	0.00116131	183.565	190.446	0.792652	0.913461	2.41420	506.095	0.0529521	undefined	undefined	liquid
285.000	59.3190	861.166	0.00116122	183.550	190.438	0.792598	0.913446	2.41356	506.216	0.0529039	undefined	undefined	liquid
285.000	59.3826	861.231	0.00116113	183.535	190.430	0.792543	0.913432	2.41291	506.338	0.0528557	undefined	undefined	liquid
285.000	59.4463	861.297	0.00116104	183.520	190.422	0.792489	0.913418	2.41226	506.460	0.0528075	undefined	undefined	liquid
285.000	59.5099	861.362	0.00116095	183.505	190.413	0.792435	0.913404	2.41162	506.582	0.0527595	undefined	undefined	liquid
285.000	59.5735	861.428	0.00116086	183.490	190.405	0.792380	0.913390	2.41098	506.703	0.0527114	undefined	undefined	liquid
285.000	59.6372	861.493	0.00116078	183.475	190.397	0.792326	0.913375	2.41033	506.825	0.0526635	undefined	undefined	liquid
285.000	59.7008	861.558	0.00116069	183.460	190.389	0.792272	0.913361	2.40969	506.946	0.0526156	undefined	undefined	liquid
285.000	59.7644	861.624	0.00116060	183.445	190.381	0.792218	0.913347	2.40905	507.068	0.0525678	undefined	undefined	liquid
285.000	59.8281	861.689	0.00116051	183.430	190.373	0.792163	0.913333	2.40841	507.189	0.0525200	undefined	undefined	liquid
285.000	59.8917	861.754	0.00116042	183.415	190.365	0.792109	0.913319	2.40778	507.310	0.0524723	undefined	undefined	liquid
285.000	59.9553	861.819	0.00116034	183.400	190.357	0.792055	0.913305	2.40714	507.431	0.0524247	undefined	undefined	liquid
285.000	60.0190	861.884	0.00116025	183.385	190.349	0.792001	0.913291	2.40650	507.552	0.0523771	undefined	undefined	liquid
285.000	60.0826	861.950	0.00116016	183.370	190.341	0.791947	0.913277	2.40587	507.673	0.0523296	undefined	undefined	liquid
285.000	60.1462	862.015	0.00116007	183.356	190.333	0.791893	0.913264	2.40523	507.794	0.0522821	undefined	undefined	liquid
285.000	60.2099	862.080	0.00115999	183.341	190.325	0.791839	0.913250	2.40460	507.915	0.0522348	undefined	undefined	liquid
285.000	60.2735	862.144	0.00115990	183.326	190.317	0.791785	0.913236	2.40397	508.035	0.0521874	undefined	undefined	liquid
285.000	60.3371	862.209	0.00115981	183.311	190.309	0.791731	0.913222	2.40334	508.156	0.0521402	undefined	undefined	liquid
285.000	60.4008	862.274	0.00115972	183.296	190.301	0.791677	0.913208	2.40271	508.276	0.0520929	undefined	undefined	liquid
285.000	60.4644	862.339	0.00115964	183.281	190.293	0.791624	0.913195	2.40208	508.397	0.0520458	undefined	undefined	liquid
285.000	60.5280	862.404	0.00115955	183.267	190.285	0.791570	0.913181	2.40145	508.517	0.0519987	undefined	undefined	liquid
285.000	60.5917	862.468	0.00115946	183.252	190.277	0.791516	0.913167	2.40083	508.637	0.0519517	undefined	undefined	liquid
285.000	60.6553	862.533	0.00115938	183.237	190.269	0.791462	0.913153	2.40020	508.758	0.0519047	undefined	undefined	liquid
285.000	60.7189	862.598	0.00115929	183.222	190.261	0.791409	0.913140	2.39958	508.878	0.0518578	undefined	undefined	liquid
285.000	60.7826	862.662	0.00115920	183.207	190.253	0.791355	0.913126	2.39895	508.998	0.0518110	undefined	undefined	liquid
285.000	60.8462	862.727	0.00115912	183.193	190.245	0.791301	0.913113	2.39833	509.118	0.0517642	undefined	undefined	liquid
285.000	60.9098	862.791	0.00115903	183.178	190.238	0.791248	0.913099	2.39771	509.238	0.0517175	undefined	undefined	liquid
285.000	60.9735	862.856	0.00115894	183.163	190.230	0.791194	0.913085	2.39709	509.357	0.0516708	undefined	undefined	liquid
285.000	61.0371	862.920	0.00115886	183.148	190.222	0.791141	0.913072	2.39647	509.477	0.0516242	undefined	undefined	liquid
285.000	61.1008	862.984	0.00115877	183.134	190.214	0.791087	0.913058	2.39585	509.597	0.0515776	undefined	undefined	liquid
285.000	61.1644	863.048	0.00115868	183.119	190.206	0.791034	0.913045	2.39523	509.716	0.0515312	undefined	undefined	liquid
285.000	61.2280	863.113	0.00115860	183.104	190.198	0.790980	0.913032	2.39462	509.836	0.0514847	undefined	undefined	liquid
285.000	61.2917	863.177	0.00115851	183.090	190.190	0.790927	0.913018	2.39400	509.955	0.0514384	undefined	undefined	liquid
285.000	61.3553	863.241	0.00115843	183.075	190.183	0.790874	0.913005	2.39339	510.074	0.0513921	undefined	undefined	liquid
285.000	61.4189	863.305	0.00115834	183.060	190.175	0.790820	0.912991	2.39277	510.194	0.0513458	undefined	undefined	liquid
285.000	61.4826	863.369	0.00115825	183.046	190.167	0.790767	0.912978	2.39216	510.313	0.0512996	undefined	undefined	liquid
285.000	61.5462	863.433	0.00115817	183.031	190.159	0.790714	0.912965	2.39155	510.432	0.0512535	undefined	undefined	liquid
285.000	61.6098	863.497	0.00115808	183.016	190.151	0.790661	0.912952	2.39094	510.551	0.0512074	undefined	undefined	liquid
285.000	61.6735	863.561	0.00115800	183.002	190.144	0.790608	0.912938	2.39033	510.670	0.0511614	undefined	undefined	liquid
285.000	61.7371	863.625	0.00115791	182.987	190.136	0.790554	0.912925	2.38972	510.789	0.0511154	undefined	undefined	liquid
285.000	61.8007	863.689	0.00115782	182.973	190.128	0.790501	0.912912	2.38911	510.907	0.0510695	undefined	undefined	liquid
285.000	61.8644	863.753	0.00115774	182.958	190.120	0.790448	0.912899	2.38851	511.026	0.0510237	undefined	undefined	liquid
285.000	61.9280	863.816	0.00115765	182.943	190.112	0.790395	0.912886	2.38790	511.145	0.0509779	undefined	undefined	liquid
285.000	61.9916	863.880	0.00115757	182.929	190.105	0.790342	0.912872	2.38730	511.263	0.0509322	undefined	undefined	liquid
285.000	62.0553	863.944	0.00115748	182.914	190.097	0.790289	0.912859	2.38669	511.382	0.0508865	undefined	undefined	liquid
285.000	62.1189	864.007	0.00115740	182.900	190.089	0.790236	0.912846	2.38609	511.500	0.0508409	undefined	undefined	liquid
285.000	62.1825	864.071	0.00115731	182.885	190.082	0.790183	0.912833	2.38549	511.618	0.0507953	undefined	undefined	liquid
285.000	62.2462	864.134	0.00115723	182.871	190.074	0.790130	0.912820	2.38489	511.737	0.0507498	undefined	undefined	liquid
285.000	62.3098	864.198	0.00115714	182.856	190.066	0.790078	0.912807	2.38429	511.855	0.0507044	undefined	undefined	liquid
285.000	62.3734	864.261	0.00115706	182.841	190.058	0.790025	0.912794	2.38369	511.973	0.0506590	undefined	undefined	liquid
285.000	62.4371	864.324	0.00115697	182.827	190.051	0.789972	0.912781	2.38309	512.091	0.0506137	undefined	undefined	liquid
285.000	62.5007	864.388	0.00115689	182.812	190.043	0.789919	0.912768	2.38249	512.209	0.0505684	undefined	undefined	liquid
285.000	62.5643	864.451	0.00115680	182.798	190.035	0.789867	0.912756	2.38190	512.326	0.0505232	undefined	undefined	liquid
285.000	62.6280	864.514	0.00115672	182.783	190.028	0.789814	0.912743	2.38130	512.444	0.0504780	undefined	undefined	liquid
285.000	62.6916	864.578	0.00115663	182.769	190.020	0.789761	0.912730	2.38071	512.562	0.0504329	undefined	undefined	liquid
285.000	62.7552	864.641	0.00115655	182.755	190.013	0.789709	0.912717	2.38011	512.680	0.0503879	undefined	undefined	liquid
285.000	62.8189	864.704	0.00115647	182.740	190.005	0.789656	0.912704	2.37952	512.797	0.0503429	undefined	undefined	liquid
285.000	62.8825	864.767	0.00115638	182.726	189.997	0.789603	0.912691	2.37893	512.915	0.0502979	undefined	undefined	liquid
285.000	62.9461	864.830	0.00115630	182.711	189.990	0.789551	0.912679	2.37834	513.032	0.0502531	undefined	undefined	liquid
285.000	63.0098	864.893	0.00115621	182.697	189.982	0.789498	0.912666	2.37775	513.149	0.0502082	undefined	undefined	liquid
285.000	63.0734	864.956	0.00115613	182.682	189.974	0.789446	0.912653	2.37716	513.266	0.0501635	undefined	undefined	liquid
285.000	63.1370	865.019	0.00115604	182.668	189.967	0.789394	0.912641	2.37658	513.384	0.0501188	undefined	undefined	liquid
285.000	63.2007	865.082	0.00115596	182.654	189.959	0.789341	0.912628	2.37599	513.501	0.0500741	undefined	undefined	liquid
285.000	63.2643	865.144	0.00115588	182.639	189.952	0.789289	0.912615	2.37540	513.618	0.0500295	undefined	undefined	liquid
285.000	63.3279	865.207	0.00115579	182.625	189.944	0.789236	0.912603	2.37482	513.735	0.0499850	undefined	undefined	liquid
285.000	63.3916	865.270	0.00115571	182.610	189.937	0.789184	0.912590	2.37423	513.851	0.0499405	undefined	undefined	liquid
285.000	63.4552	865.333	0.00115563	182.596	189.929	0.789132	0.912578	2.37365	513.968	0.0498960	undefined	undefined	liquid
285.000	63.5188	865.395	0.00115554	182.582	189.922	0.789080	0.912565	2.37307	514.085	0.0498516	undefined	undefined	liquid
285.000	63.5825	865.458	0.00115546	182.567	189.914	0.789027	0.912553	2.37249	514.202	0.0498073	undefined	undefined	liquid
285.000	63.6461	865.520	0.00115537	182.553	189.907	0.788975	0.912540	2.37191	514.318	0.0497630	undefined	undefined	liquid
285.000	63.7097	865.583	0.00115529	182.539	189.899	0.788923	0.912528	2.37133	514.435	0.0497188	undefined	undefined	liquid
285.000	63.7734	865.645	0.00115521	182.524	189.892	0.788871	0.912515	2.37075	514.551	0.0496747	undefined	undefined	liquid
285.000	63.8370	865.708	0.00115512	182.510	189.884	0.788819	0.912503	2.37017	514.667	0.0496305	undefined	undefined	liquid
285.000	63.9006	865.770	0.00115504	182.496	189.877	0.788767	0.912491	2.36959	514.784	0.0495865	undefined	undefined	liquid
285.000	63.9643	865.832	0.00115496	182.481	189.869	0.788715	0.912478	2.36902	514.900	0.0495425	undefined	undefined	liquid
285.000	64.0279	865.895	0.00115487	182.467	189.862	0.788663	0.912466	2.36844	515.016	0.0494985	undefined	undefined	liquid
285.000	64.0915	865.957	0.00115479	182.453	189.854	0.788611	0.912454	2.36787	515.132	0.0494546	undefined	undefined	liquid
285.000	64.1552	866.019	0.00115471	182.439	189.847	0.788559	0.912441	2.36730	515.248	0.0494108	undefined	undefined	liquid
285.000	64.2188	866.081	0.00115463	182.424	189.839	0.788507	0.912429	2.36672	515.364	0.0493670	undefined	undefined	liquid
285.000	64.2824	866.143	0.00115454	182.410	189.832	0.788455	0.912417	2.36615	515.480	0.0493233	undefined	undefined	liquid
285.000	64.3461	866.206	0.00115446	182.396	189.824	0.788404	0.912405	2.36558	515.595	0.0492796	undefined	undefined	liquid
285.000	64.4097	866.268	0.00115438	182.382	189.817	0.788352	0.912392	2.36501	515.711	0.0492359	undefined	undefined	liquid
285.000	64.4733	866.330	0.00115430	182.367	189.810	0.788300	0.912380	2.36444	515.827	0.0491924	undefined	undefined	liquid
285.000	64.5370	866.392	0.00115421	182.353	189.802	0.788248	0.912368	2.36388	515.942	0.0491488	undefined	undefined	liquid
285.000	64.6006	866.453	0.00115413	182.339	189.795	0.788197	0.912356	2.36331	516.058	0.0491054	undefined	undefined	liquid
285.000	64.6642	866.515	0.00115405	182.325	189.787	0.788145	0.912344	2.36274	516.173	0.0490620	undefined	undefined	liquid
285.000	64.7279	866.577	0.00115397	182.311	189.780	0.788093	0.912332	2.36218	516.288	0.0490186	undefined	undefined	liquid
285.000	64.7915	866.639	0.00115388	182.297	189.773	0.788042	0.912320	2.36161	516.404	0.0489753	undefined	undefined	liquid
285.000	64.8551	866.701	0.00115380	182.282	189.765	0.787990	0.912308	2.36105	516.519	0.0489320	undefined	undefined	liquid
285.000	64.9188	866.762	0.00115372	182.268	189.758	0.787939	0.912296	2.36049	516.634	0.0488888	undefined	undefined	liquid
285.000	64.9824	866.824	0.00115364	182.254	189.751	0.787887	0.912284	2.35993	516.749	0.0488456	undefined	undefined	liquid
285.000	65.0460	866.886	0.00115355	182.240	189.743	0.787836	0.912272	2.35936	516.864	0.0488025	undefined	undefined	liquid
285.000	65.1097	866.947	0.00115347	182.226	189.736	0.787784	0.912260	2.35880	516.979	0.0487595	undefined	undefined	liquid
285.000	65.1733	867.009	0.00115339	182.212	189.729	0.787733	0.912248	2.35824	517.093	0.0487165	undefined	undefined	liquid
285.000	65.2370	867.070	0.00115331	182.198	189.721	0.787681	0.912236	2.35769	517.208	0.0486735	undefined	undefined	liquid
285.000	65.3006	867.132	0.00115323	182.183	189.714	0.787630	0.912224	2.35713	517.323	0.0486306	undefined	undefined	liquid
285.000	65.3642	867.193	0.00115315	182.169	189.707	0.787579	0.912213	2.35657	517.437	0.0485878	undefined	undefined	liquid
285.000	65.4279	867.255	0.00115306	182.155	189.699	0.787527	0.912201	2.35602	517.552	0.0485450	undefined	undefined	liquid
285.000	65.4915	867.316	0.00115298	182.141	189.692	0.787476	0.912189	2.35546	517.666	0.0485022	undefined	undefined	liquid
285.000	65.5551	867.377	0.00115290	182.127	189.685	0.787425	0.912177	2.35491	517.781	0.0484595	undefined	undefined	liquid
285.000	65.6188	867.438	0.00115282	182.113	189.678	0.787374	0.912165	2.35435	517.895	0.0484169	undefined	undefined	liquid
285.000	65.6824	867.500	0.00115274	182.099	189.670	0.787322	0.912154	2.35380	518.009	0.0483743	undefined	undefined	liquid
285.000	65.7460	867.561	0.00115266	182.085	189.663	0.787271	0.912142	2.35325	518.124	0.0483318	undefined	undefined	liquid
285.000	65.8097	867.622	0.00115258	182.071	189.656	0.787220	0.912130	2.35270	518.238	0.0482893	undefined	undefined	liquid
285.000	65.8733	867.683	0.00115249	182.057	189.649	0.787169	0.912119	2.35215	518.352	0.0482468	undefined	undefined	liquid
285.000	65.9369	867.744	0.00115241	182.043	189.642	0.787118	0.912107	2.35160	518.466	0.0482044	undefined	undefined	liquid
285.000	66.0006	867.805	0.00115233	182.029	189.634	0.787067	0.912095	2.35105	518.580	0.0481621	undefined	undefined	liquid
285.000	66.0642	867.866	0.00115225	182.015	189.627	0.787016	0.912084	2.35050	518.693	0.0481198	undefined	undefined	liquid
285.000	66.1278	867.927	0.00115217	182.001	189.620	0.786965	0.912072	2.34996	518.807	0.0480776	undefined	undefined	liquid
285.000	66.1915	867.988	0.00115209	181.987	189.613	0.786914	0.912061	2.34941	518.921	0.0480354	undefined	undefined	liquid
285.000	66.2551	868.049	0.00115201	181.973	189.606	0.786863	0.912049	2.34886	519.034	0.0479932	undefined	undefined	liquid
285.000	66.3187	868.110	0.00115193	181.959	189.598	0.786812	0.912038	2.34832	519.148	0.0479511	undefined	undefined	liquid
285.000	66.3824	868.170	0.00115185	181.945	189.591	0.786762	0.912026	2.34778	519.261	0.0479091	undefined	undefined	liquid
285.000	66.4460	868.231	0.00115177	181.931	189.584	0.786711	0.912015	2.34723	519.375	0.0478671	undefined	undefined	liquid
285.000	66.5096	868.292	0.00115169	181.917	189.577	0.786660	0.912003	2.34669	519.488	0.0478252	undefined	undefined	liquid
285.000	66.5733	868.352	0.00115161	181.903	189.570	0.786609	0.911992	2.34615	519.601	0.0477833	undefined	undefined	liquid
285.000	66.6369	868.413	0.00115153	181.889	189.563	0.786558	0.911981	2.34561	519.715	0.0477414	undefined	undefined	liquid
285.000	66.7005	868.474	0.00115145	181.875	189.556	0.786508	0.911969	2.34507	519.828	0.0476996	undefined	undefined	liquid
285.000	66.7642	868.534	0.00115137	181.861	189.548	0.786457	0.911958	2.34453	519.941	0.0476579	undefined	undefined	liquid
285.000	66.8278	868.595	0.00115128	181.848	189.541	0.786406	0.911947	2.34399	520.054	0.0476162	undefined	undefined	liquid
285.000	66.8914	868.655	0.00115120	181.834	189.534	0.786356	0.911935	2.34346	520.167	0.0475745	undefined	undefined	liquid
285.000	66.9551	868.716	0.00115112	181.820	189.527	0.786305	0.911924	2.34292	520.280	0.0475329	undefined	undefined	liquid
285.000	67.0187	868.776	0.00115104	181.806	189.520	0.786255	0.911913	2.34238	520.392	0.0474914	undefined	undefined	liquid
285.000	67.0823	868.836	0.00115096	181.792	189.513	0.786204	0.911901	2.34185	520.505	0.0474499	undefined	undefined	liquid
285.000	67.1460	868.897	0.00115088	181.778	189.506	0.786154	0.911890	2.34132	520.618	0.0474084	undefined	undefined	liquid
285.000	67.2096	868.957	0.00115081	181.764	189.499	0.786103	0.911879	2.34078	520.730	0.0473670	undefined	undefined	liquid
285.000	67.2732	869.017	0.00115073	181.751	189.492	0.786053	0.911868	2.34025	520.843	0.0473257	undefined	undefined	liquid
285.000	67.3369	869.077	0.00115065	181.737	189.485	0.786002	0.911857	2.33972	520.955	0.0472844	undefined	undefined	liquid
285.000	67.4005	869.137	0.00115057	181.723	189.478	0.785952	0.911846	2.33919	521.068	0.0472431	undefined	undefined	liquid
285.000	67.4641	869.197	0.00115049	181.709	189.471	0.785902	0.911834	2.33866	521.180	0.0472019	undefined	undefined	liquid
285.000	67.5278	869.258	0.00115041	181.695	189.464	0.785851	0.911823	2.33813	521.292	0.0471607	undefined	undefined	liquid
285.000	67.5914	869.318	0.00115033	181.681	189.457	0.785801	0.911812	2.33760	521.404	0.0471196	undefined	undefined	liquid
285.000	67.6550	869.378	0.00115025	181.668	189.450	0.785751	0.911801	2.33707	521.517	0.0470785	undefined	undefined	liquid
285.000	67.7187	869.437	0.00115017	181.654	189.443	0.785700	0.911790	2.33654	521.629	0.0470375	undefined	undefined	liquid
285.000	67.7823	869.497	0.00115009	181.640	189.436	0.785650	0.911779	2.33602	521.741	0.0469965	undefined	undefined	liquid
285.000	67.8459	869.557	0.00115001	181.626	189.429	0.785600	0.911768	2.33549	521.852	0.0469556	undefined	undefined	liquid
285.000	67.9096	869.617	0.00114993	181.613	189.422	0.785550	0.911757	2.33497	521.964	0.0469147	undefined	undefined	liquid
285.000	67.9732	869.677	0.00114985	181.599	189.415	0.785500	0.911746	2.33444	522.076	0.0468739	undefined	undefined	liquid
285.000	68.0368	869.737	0.00114977	181.585	189.408	0.785450	0.911735	2.33392	522.188	0.0468331	undefined	undefined	liquid
285.000	68.1005	869.796	0.00114969	181.571	189.401	0.785400	0.911725	2.33340	522.299	0.0467924	undefined	undefined	liquid
285.000	68.1641	869.856	0.00114962	181.558	189.394	0.785350	0.911714	2.33288	522.411	0.0467517	undefined	undefined	liquid
285.000	68.2277	869.916	0.00114954	181.544	189.387	0.785300	0.911703	2.33236	522.523	0.0467110	undefined	undefined	liquid
285.000	68.2914	869.975	0.00114946	181.530	189.380	0.785250	0.911692	2.33184	522.634	0.0466704	undefined	undefined	liquid
285.000	68.3550	870.035	0.00114938	181.517	189.373	0.785200	0.911681	2.33132	522.745	0.0466299	undefined	undefined	liquid
285.000	68.4186	870.094	0.00114930	181.503	189.366	0.785150	0.911670	2.33080	522.857	0.0465894	undefined	undefined	liquid
285.000	68.4823	870.154	0.00114922	181.489	189.359	0.785100	0.911660	2.33028	522.968	0.0465489	undefined	undefined	liquid
285.000	68.5459	870.213	0.00114914	181.475	189.352	0.785050	0.911649	2.32976	523.079	0.0465085	undefined	undefined	liquid
285.000	68.6095	870.273	0.00114907	181.462	189.345	0.785000	0.911638	2.32925	523.190	0.0464682	undefined	undefined	liquid
285.000	68.6732	870.332	0.00114899	181.448	189.339	0.784950	0.911627	2.32873	523.301	0.0464278	undefined	undefined	liquid
285.000	68.7368	870.391	0.00114891	181.435	189.332	0.784901	0.911617	2.32822	523.412	0.0463876	undefined	undefined	liquid
285.000	68.8004	870.451	0.00114883	181.421	189.325	0.784851	0.911606	2.32770	523.523	0.0463473	undefined	undefined	liquid
285.000	68.8641	870.510	0.00114875	181.407	189.318	0.784801	0.911595	2.32719	523.634	0.0463072	undefined	undefined	liquid
285.000	68.9277	870.569	0.00114867	181.394	189.311	0.784751	0.911585	2.32667	523.745	0.0462670	undefined	undefined	liquid
285.000	68.9913	870.628	0.00114860	181.380	189.304	0.784702	0.911574	2.32616	523.856	0.0462269	undefined	undefined	liquid
285.000	69.0550	870.688	0.00114852	181.366	189.297	0.784652	0.911564	2.32565	523.966	0.0461869	undefined	undefined	liquid
285.000	69.1186	870.747	0.00114844	181.353	189.291	0.784603	0.911553	2.32514	524.077	0.0461469	undefined	undefined	liquid
285.000	69.1822	870.806	0.00114836	181.339	189.284	0.784553	0.911542	2.32463	524.188	0.0461069	undefined	undefined	liquid
285.000	69.2459	870.865	0.00114828	181.326	189.277	0.784503	0.911532	2.32412	524.298	0.0460670	undefined	undefined	liquid
285.000	69.3095	870.924	0.00114821	181.312	189.270	0.784454	0.911521	2.32361	524.408	0.0460272	undefined	undefined	liquid
285.000	69.3731	870.983	0.00114813	181.298	189.263	0.784404	0.911511	2.32311	524.519	0.0459873	undefined	undefined	liquid
285.000	69.4368	871.042	0.00114805	181.285	189.257	0.784355	0.911500	2.32260	524.629	0.0459476	undefined	undefined	liquid
285.000	69.5004	871.101	0.00114797	181.271	189.250	0.784305	0.911490	2.32209	524.739	0.0459078	undefined	undefined	liquid
285.000	69.5641	871.160	0.00114790	181.258	189.243	0.784256	0.911480	2.32159	524.849	0.0458682	undefined	undefined	liquid
285.000	69.6277	871.218	0.00114782	181.244	189.236	0.784207	0.911469	2.32108	524.960	0.0458285	undefined	undefined	liquid
285.000	69.6913	871.277	0.00114774	181.231	189.229	0.784157	0.911459	2.32058	525.070	0.0457889	undefined	undefined	liquid
285.000	69.7550	871.336	0.00114766	181.217	189.223	0.784108	0.911448	2.32008	525.180	0.0457494	undefined	undefined	liquid
285.000	69.8186	871.395	0.00114759	181.204	189.216	0.784059	0.911438	2.31957	525.289	0.0457099	undefined	undefined	liquid
285.000	69.8822	871.453	0.00114751	181.190	189.209	0.784009	0.911428	2.31907	525.399	0.0456704	undefined	undefined	liquid
285.000	69.9459	871.512	0.00114743	181.177	189.202	0.783960	0.911417	2.31857	525.509	0.0456310	undefined	undefined	liquid
285.000	70.0095	871.570	0.00114735	181.163	189.196	0.783911	0.911407	2.31807	525.619	0.0455916	undefined	undefined	liquid
285.000	70.0731	871.629	0.00114728	181.150	189.189	0.783862	0.911397	2.31757	525.728	0.0455523	undefined	undefined	liquid
285.000	70.1368	871.688	0.00114720	181.136	189.182	0.783812	0.911387	2.31707	525.838	0.0455130	undefined	undefined	liquid
285.000	70.2004	871.746	0.00114712	181.123	189.176	0.783763	0.911376	2.31657	525.948	0.0454738	undefined	undefined	liquid
285.000	70.2640	871.805	0.00114705	181.109	189.169	0.783714	0.911366	2.31607	526.057	0.0454346	undefined	undefined	liquid
285.000	70.3277	871.863	0.00114697	181.096	189.162	0.783665	0.911356	2.31558	526.166	0.0453954	undefined	undefined	liquid
285.000	70.3913	871.921	0.00114689	181.082	189.156	0.783616	0.911346	2.31508	526.276	0.0453563	undefined	undefined	liquid
285.000	70.4549	871.980	0.00114682	181.069	189.149	0.783567	0.911336	2.31458	526.385	0.0453172	undefined	undefined	liquid
285.000	70.5186	872.038	0.00114674	181.056	189.142	0.783518	0.911325	2.31409	526.494	0.0452782	undefined	undefined	liquid
285.000	70.5822	872.096	0.00114666	181.042	189.136	0.783469	0.911315	2.31360	526.603	0.0452392	undefined	undefined	liquid
285.000	70.6458	872.154	0.00114659	181.029	189.129	0.783420	0.911305	2.31310	526.712	0.0452003	undefined	undefined	liquid
285.000	70.7095	872.213	0.00114651	181.015	189.122	0.783371	0.911295	2.31261	526.821	0.0451614	undefined	undefined	liquid
285.000	70.7731	872.271	0.00114643	181.002	189.116	0.783322	0.911285	2.31212	526.930	0.0451226	undefined	undefined	liquid
285.000	70.8367	872.329	0.00114636	180.989	189.109	0.783273	0.911275	2.31162	527.039	0.0450838	undefined	undefined	liquid
285.000	70.9004	872.387	0.00114628	180.975	189.102	0.783224	0.911265	2.31113	527.148	0.0450450	undefined	undefined	liquid
285.000	70.9640	872.445	0.00114620	180.962	189.096	0.783176	0.911255	2.31064	527.257	0.0450063	undefined	undefined	liquid
285.000	71.0276	872.503	0.00114613	180.948	189.089	0.783127	0.911245	2.31015	527.366	0.0449676	undefined	undefined	liquid
285.000	71.0913	872.561	0.00114605	180.935	189.082	0.783078	0.911235	2.30967	527.474	0.0449290	undefined	undefined	liquid
285.000	71.1549	872.619	0.00114598	180.922	189.076	0.783029	0.911225	2.30918	527.583	0.0448904	undefined	undefined	liquid
285.000	71.2185	872.677	0.00114590	180.908	189.069	0.782981	0.911215	2.30869	527.691	0.0448518	undefined	undefined	liquid
285.000	71.2822	872.735	0.00114582	180.895	189.063	0.782932	0.911205	2.30820	527.800	0.0448133	undefined	undefined	liquid
285.000	71.3458	872.793	0.00114575	180.882	189.056	0.782883	0.911195	2.30772	527.908	0.0447749	undefined	undefined	liquid
285.000	71.4094	872.851	0.00114567	180.868	189.050	0.782835	0.911185	2.30723	528.017	0.0447365	undefined	undefined	liquid
285.000	71.4731	872.908	0.00114560	180.855	189.043	0.782786	0.911176	2.30675	528.125	0.0446981	undefined	undefined	liquid
285.000	71.5367	872.966	0.00114552	180.842	189.036	0.782737	0.911166	2.30626	528.233	0.0446597	undefined	undefined	liquid
285.000	71.6003	873.024	0.00114544	180.828	189.030	0.782689	0.911156	2.30578	528.341	0.0446215	undefined	undefined	liquid
285.000	71.6640	873.081	0.00114537	180.815	189.023	0.782640	0.911146	2.30530	528.449	0.0445832	undefined	undefined	liquid
285.000	71.7276	873.139	0.00114529	180.802	189.017	0.782592	0.911136	2.30481	528.558	0.0445450	undefined	undefined	liquid
285.000	71.7912	873.197	0.00114522	180.789	189.010	0.782543	0.911127	2.30433	528.665	0.0445068	undefined	undefined	liquid
285.000	71.8549	873.254	0.00114514	180.775	189.004	0.782495	0.911117	2.30385	528.773	0.0444687	undefined	undefined	liquid
285.000	71.9185	873.312	0.00114507	180.762	188.997	0.782446	0.911107	2.30337	528.881	0.0444306	undefined	undefined	liquid
285.000	71.9821	873.369	0.00114499	180.749	188.991	0.782398	0.911097	2.30289	528.989	0.0443926	undefined	undefined	liquid
285.000	72.0458	873.427	0.00114492	180.736	188.984	0.782350	0.911088	2.30241	529.097	0.0443546	undefined	undefined	liquid
285.000	72.1094	873.484	0.00114484	180.722	188.978	0.782301	0.911078	2.30194	529.205	0.0443166	undefined	undefined	liquid
285.000	72.1730	873.542	0.00114477	180.709	188.971	0.782253	0.911068	2.30146	529.312	0.0442787	undefined	undefined	liquid
285.000	72.2367	873.599	0.00114469	180.696	188.965	0.782205	0.911059	2.30098	529.420	0.0442408	undefined	undefined	liquid
285.000	72.3003	873.656	0.00114461	180.683	188.958	0.782156	0.911049	2.30050	529.527	0.0442030	undefined	undefined	liquid
285.000	72.3639	873.714	0.00114454	180.669	188.952	0.782108	0.911040	2.30003	529.635	0.0441652	undefined	undefined	liquid
285.000	72.4276	873.771	0.00114446	180.656	188.945	0.782060	0.911030	2.29955	529.742	0.0441274	undefined	undefined	liquid
285.000	72.4912	873.828	0.00114439	180.643	188.939	0.782012	0.911020	2.29908	529.849	0.0440897	undefined	undefined	liquid
285.000	72.5548	873.885	0.00114432	180.630	188.932	0.781964	0.911011	2.29861	529.957	0.0440521	undefined	undefined	liquid
285.000	72.6185	873.942	0.00114424	180.617	188.926	0.781915	0.911001	2.29813	530.064	0.0440144	undefined	undefined	liquid
285.000	72.6821	873.999	0.00114417	180.604	188.920	0.781867	0.910992	2.29766	530.171	0.0439768	undefined	undefined	liquid
285.000	72.7457	874.057	0.00114409	180.590	188.913	0.781819	0.910982	2.29719	530.278	0.0439393	undefined	undefined	liquid
285.000	72.8094	874.114	0.00114402	180.577	188.907	0.781771	0.910973	2.29672	530.385	0.0439018	undefined	undefined	liquid
285.000	72.8730	874.171	0.00114394	180.564	188.900	0.781723	0.910963	2.29625	530.492	0.0438643	undefined	undefined	liquid
285.000	72.9366	874.228	0.00114387	180.551	188.894	0.781675	0.910954	2.29578	530.599	0.0438269	undefined	undefined	liquid
285.000	73.0003	874.285	0.00114379	180.538	188.888	0.781627	0.910945	2.29531	530.706	0.0437895	undefined	undefined	liquid
285.000	73.0639	874.341	0.00114372	180.525	188.881	0.781579	0.910935	2.29484	530.813	0.0437522	undefined	undefined	liquid
285.000	73.1275	874.398	0.00114364	180.512	188.875	0.781531	0.910926	2.29437	530.919	0.0437149	undefined	undefined	liquid
285.000	73.1912	874.455	0.00114357	180.498	188.868	0.781483	0.910916	2.29391	531.026	0.0436776	undefined	undefined	liquid
285.000	73.2548	874.512	0.00114349	180.485	188.862	0.781435	0.910907	2.29344	531.133	0.0436404	undefined	undefined	liquid
285.000	73.3184	874.569	0.00114342	180.472	188.856	0.781388	0.910898	2.29297	531.239	0.0436032	undefined	undefined	liquid
285.000	73.3821	874.625	0.00114335	180.459	188.849	0.781340	0.910888	2.29251	531.346	0.0435660	undefined	undefined	liquid
285.000	73.4457	874.682	0.00114327	180.446	188.843	0.781292	0.910879	2.29204	531.452	0.0435289	undefined	undefined	liquid
285.000	73.5093	874.739	0.00114320	180.433	188.837	0.781244	0.910870	2.29158	531.559	0.0434919	undefined	undefined	liquid
285.000	73.5730	874.795	0.00114312	180.420	188.830	0.781196	0.910861	2.29111	531.665	0.0434548	undefined	undefined	liquid
285.000	73.6366	874.852	0.00114305	180.407	188.824	0.781149	0.910851	2.29065	531.771	0.0434178	undefined	undefined	liquid
285.000	73.7003	874.909	0.00114298	180.394	188.818	0.781101	0.910842	2.29019	531.877	0.0433809	undefined	undefined	liquid
285.000	73.7639	874.965	0.00114290	180.381	188.811	0.781053	0.910833	2.28973	531.984	0.0433440	undefined	undefined	liquid
285.000	73.8275	875.022	0.00114283	180.368	188.805	0.781005	0.910824	2.28927	532.090	0.0433071	undefined	undefined	liquid
285.000	73.8912	875.078	0.00114276	180.355	188.799	0.780958	0.910815	2.28881	532.196	0.0432703	undefined	undefined	liquid
285.000	73.9548	875.135	0.00114268	180.342	188.792	0.780910	0.910805	2.28835	532.302	0.0432335	undefined	undefined	liquid
285.000	74.0184	875.191	0.00114261	180.329	188.786	0.780863	0.910796	2.28789	532.408	0.0431968	undefined	undefined	liquid
285.000	74.0821	875.247	0.00114253	180.316	188.780	0.780815	0.910787	2.28743	532.513	0.0431601	undefined	undefined	liquid
285.000	74.1457	875.304	0.00114246	180.303	188.773	0.780768	0.910778	2.28697	532.619	0.0431234	undefined	undefined	liquid
285.000	74.2093	875.360	0.00114239	180.290	188.767	0.780720	0.910769	2.28651	532.725	0.0430867	undefined	undefined	liquid
285.000	74.2730	875.416	0.00114231	180.277	188.761	0.780673	0.910760	2.28606	532.831	0.0430502	undefined	undefined	liquid
285.000	74.3366	875.473	0.00114224	180.264	188.755	0.780625	0.910751	2.28560	532.936	0.0430136	undefined	undefined	liquid
285.000	74.4002	875.529	0.00114217	180.251	188.748	0.780578	0.910742	2.28514	533.042	0.0429771	undefined	undefined	liquid
285.000	74.4639	875.585	0.00114209	180.238	188.742	0.780530	0.910733	2.28469	533.147	0.0429406	undefined	undefined	liquid
285.000	74.5275	875.641	0.00114202	180.225	188.736	0.780483	0.910724	2.28423	533.253	0.0429042	undefined	undefined	liquid
285.000	74.5911	875.697	0.00114195	180.212	188.730	0.780435	0.910715	2.28378	533.358	0.0428678	undefined	undefined	liquid
285.000	74.6548	875.753	0.00114187	180.199	188.723	0.780388	0.910706	2.28333	533.464	0.0428314	undefined	undefined	liquid
285.000	74.7184	875.809	0.00114180	180.186	188.717	0.780341	0.910697	2.28287	533.569	0.0427951	undefined	undefined	liquid
285.000	74.7820	875.865	0.00114173	180.173	188.711	0.780293	0.910688	2.28242	533.674	0.0427588	undefined	undefined	liquid
285.000	74.8457	875.921	0.00114166	180.160	188.705	0.780246	0.910679	2.28197	533.779	0.0427226	undefined	undefined	liquid
285.000	74.9093	875.977	0.00114158	180.147	188.699	0.780199	0.910670	2.28152	533.885	0.0426863	undefined	undefined	liquid
285.000	74.9729	876.033	0.00114151	180.134	188.692	0.780152	0.910661	2.28107	533.990	0.0426502	undefined	undefined	liquid
285.000	75.0366	876.089	0.00114144	180.121	188.686	0.780105	0.910652	2.28062	534.095	0.0426140	undefined	undefined	liquid
285.000	75.1002	876.145	0.00114136	180.108	188.680	0.780057	0.910643	2.28017	534.200	0.0425779	undefined	undefined	liquid
285.000	75.1638	876.201	0.00114129	180.096	188.674	0.780010	0.910635	2.27972	534.304	0.0425419	undefined	undefined	liquid
285.000	75.2275	876.257	0.00114122	180.083	188.668	0.779963	0.910626	2.27927	534.409	0.0425059	undefined	undefined	liquid
285.000	75.2911	876.312	0.00114115	180.070	188.662	0.779916	0.910617	2.27883	534.514	0.0424699	undefined	undefined	liquid
285.000	75.3547	876.368	0.00114107	180.057	188.655	0.779869	0.910608	2.27838	534.619	0.0424340	undefined	undefined	liquid
285.000	75.4184	876.424	0.00114100	180.044	188.649	0.779822	0.910599	2.27793	534.724	0.0423980	undefined	undefined	liquid
285.000	75.4820	876.479	0.00114093	180.031	188.643	0.779775	0.910591	2.27749	534.828	0.0423622	undefined	undefined	liquid
285.000	75.5456	876.535	0.00114086	180.018	188.637	0.779728	0.910582	2.27704	534.933	0.0423264	undefined	undefined	liquid
285.000	75.6093	876.591	0.00114078	180.005	188.631	0.779681	0.910573	2.27660	535.037	0.0422906	undefined	undefined	liquid
285.000	75.6729	876.646	0.00114071	179.993	188.625	0.779634	0.910565	2.27616	535.142	0.0422548	undefined	undefined	liquid
285.000	75.7365	876.702	0.00114064	179.980	188.619	0.779587	0.910556	2.27571	535.246	0.0422191	undefined	undefined	liquid
285.000	75.8002	876.757	0.00114057	179.967	188.613	0.779540	0.910547	2.27527	535.350	0.0421834	undefined	undefined	liquid
285.000	75.8638	876.813	0.00114049	179.954	188.606	0.779493	0.910539	2.27483	535.455	0.0421478	undefined	undefined	liquid
285.000	75.9274	876.868	0.00114042	179.941	188.600	0.779446	0.910530	2.27439	535.559	0.0421122	undefined	undefined	liquid
285.000	75.9911	876.923	0.00114035	179.929	188.594	0.779399	0.910521	2.27394	535.663	0.0420766	undefined	undefined	liquid
285.000	76.0547	876.979	0.00114028	179.916	188.588	0.779353	0.910513	2.27350	535.767	0.0420411	undefined	undefined	liquid
285.000	76.1183	877.034	0.00114021	179.903	188.582	0.779306	0.910504	2.27306	535.871	0.0420056	undefined	undefined	liquid
285.000	76.1820	877.089	0.00114013	179.890	188.576	0.779259	0.910495	2.27262	535.975	0.0419701	undefined	undefined	liquid
285.000	76.2456	877.145	0.00114006	179.877	188.570	0.779212	0.910487	2.27219	536.079	0.0419347	undefined	undefined	liquid
285.000	76.3092	877.200	0.00113999	179.865	188.564	0.779166	0.910478	2.27175	536.183	0.0418993	undefined	undefined	liquid
285.000	76.3729	877.255	0.00113992	179.852	188.558	0.779119	0.910470	2.27131	536.287	0.0418639	undefined	undefined	liquid
285.000	76.4365	877.310	0.00113985	179.839	188.552	0.779072	0.910461	2.27087	536.391	0.0418286	undefined	undefined	liquid
285.000	76.5001	877.366	0.00113978	179.826	188.546	0.779026	0.910453	2.27044	536.495	0.0417934	undefined	undefined	liquid
285.000	76.5638	877.421	0.00113970	179.814	188.540	0.778979	0.910444	2.27000	536.598	0.0417581	undefined	undefined	liquid
285.000	76.6274	877.476	0.00113963	179.801	188.534	0.778932	0.910436	2.26957	536.702	0.0417229	undefined	undefined	liquid
285.000	76.6910	877.531	0.00113956	179.788	188.528	0.778886	0.910427	2.26913	536.806	0.0416878	undefined	undefined	liquid
285.000	76.7547	877.586	0.00113949	179.775	188.522	0.778839	0.910419	2.26870	536.909	0.0416526	undefined	undefined	liquid
285.000	76.8183	877.641	0.00113942	179.763	188.516	0.778793	0.910411	2.26826	537.013	0.0416175	undefined	undefined	liquid
285.000	76.8819	877.696	0.00113935	179.750	188.510	0.778746	0.910402	2.26783	537.116	0.0415825	undefined	undefined	liquid
285.000	76.9456	877.751	0.00113928	179.737	188.504	0.778700	0.910394	2.26740	537.219	0.0415474	undefined	undefined	liquid
285.000	77.0092	877.806	0.00113920	179.725	188.498	0.778653	0.910385	2.26696	537.323	0.0415125	undefined	undefined	liquid
285.000	77.0728	877.860	0.00113913	179.712	188.492	0.778607	0.910377	2.26653	537.426	0.0414775	undefined	undefined	liquid
285.000	77.1365	877.915	0.00113906	179.699	188.486	0.778560	0.910369	2.26610	537.529	0.0414426	undefined	undefined	liquid
285.000	77.2001	877.970	0.00113899	179.687	188.480	0.778514	0.910360	2.26567	537.632	0.0414077	undefined	undefined	liquid
285.000	77.2637	878.025	0.00113892	179.674	188.474	0.778468	0.910352	2.26524	537.735	0.0413729	undefined	undefined	liquid
285.000	77.3274	878.080	0.00113885	179.661	188.468	0.778421	0.910344	2.26481	537.839	0.0413381	undefined	undefined	liquid
285.000	77.3910	878.134	0.00113878	179.649	188.462	0.778375	0.910336	2.26438	537.942	0.0413033	undefined	undefined	liquid
285.000	77.4546	878.189	0.00113871	179.636	188.456	0.778329	0.910327	2.26396	538.044	0.0412686	undefined	undefined	liquid
285.000	77.5183	878.244	0.00113864	179.623	188.450	0.778282	0.910319	2.26353	538.147	0.0412339	undefined	undefined	liquid
285.000	77.5819	878.298	0.00113857	179.611	188.444	0.778236	0.910311	2.26310	538.250	0.0411992	undefined	undefined	liquid
285.000	77.6455	878.353	0.00113849	179.598	188.438	0.778190	0.910303	2.26267	538.353	0.0411646	undefined	undefined	liquid
285.000	77.7092	878.407	0.00113842	179.586	188.432	0.778144	0.910294	2.26225	538.456	0.0411300	undefined	undefined	liquid
285.000	77.7728	878.462	0.00113835	179.573	188.426	0.778098	0.910286	2.26182	538.558	0.0410954	undefined	undefined	liquid
285.000	77.8364	878.516	0.00113828	179.560	188.420	0.778051	0.910278	2.26140	538.661	0.0410609	undefined	undefined	liquid
285.000	77.9001	878.571	0.00113821	179.548	188.414	0.778005	0.910270	2.26097	538.764	0.0410264	undefined	undefined	liquid
285.000	77.9637	878.625	0.00113814	179.535	188.408	0.777959	0.910262	2.26055	538.866	0.0409920	undefined	undefined	liquid
285.000	78.0274	878.680	0.00113807	179.523	188.403	0.777913	0.910254	2.26013	538.969	0.0409575	undefined	undefined	liquid
285.000	78.0910	878.734	0.00113800	179.510	188.397	0.777867	0.910246	2.25970	539.071	0.0409232	undefined	undefined	liquid
285.000	78.1546	878.789	0.00113793	179.497	188.391	0.777821	0.910237	2.25928	539.173	0.0408888	undefined	undefined	liquid
285.000	78.2183	878.843	0.00113786	179.485	188.385	0.777775	0.910229	2.25886	539.276	0.0408545	undefined	undefined	liquid
285.000	78.2819	878.897	0.00113779	179.472	188.379	0.777729	0.910221	2.25844	539.378	0.0408202	undefined	undefined	liquid
285.000	78.3455	878.951	0.00113772	179.460	188.373	0.777683	0.910213	2.25802	539.480	0.0407860	undefined	undefined	liquid
285.000	78.4092	879.006	0.00113765	179.447	188.367	0.777637	0.910205	2.25760	539.582	0.0407518	undefined	undefined	liquid
285.000	78.4728	879.060	0.00113758	179.435	188.361	0.777591	0.910197	2.25718	539.684	0.0407176	undefined	undefined	liquid
285.000	78.5364	879.114	0.00113751	179.422	188.356	0.777545	0.910189	2.25676	539.786	0.0406834	undefined	undefined	liquid
285.000	78.6001	879.168	0.00113744	179.410	188.350	0.777499	0.910181	2.25634	539.888	0.0406493	undefined	undefined	liquid
285.000	78.6637	879.222	0.00113737	179.397	188.344	0.777453	0.910173	2.25592	539.990	0.0406153	undefined	undefined	liquid
285.000	78.7273	879.276	0.00113730	179.384	188.338	0.777408	0.910165	2.25550	540.092	0.0405812	undefined	undefined	liquid
285.000	78.7910	879.330	0.00113723	179.372	188.332	0.777362	0.910157	2.25509	540.194	0.0405472	undefined	undefined	liquid
285.000	78.8546	879.384	0.00113716	179.359	188.327	0.777316	0.910149	2.25467	540.296	0.0405133	undefined	undefined	liquid
285.000	78.9182	879.438	0.00113709	179.347	188.321	0.777270	0.910141	2.25425	540.398	0.0404793	undefined	undefined	liquid
285.000	78.9819	879.492	0.00113702	179.334	188.315	0.777224	0.910134	2.25384	540.499	0.0404454	undefined	undefined	liquid
285.000	79.0455	879.546	0.00113695	179.322	188.309	0.777179	0.910126	2.25342	540.601	0.0404116	undefined	undefined	liquid
285.000	79.1091	879.600	0.00113688	179.310	188.303	0.777133	0.910118	2.25301	540.703	0.0403777	undefined	undefined	liquid
285.000	79.1728	879.654	0.00113681	179.297	188.298	0.777087	0.910110	2.25259	540.804	0.0403439	undefined	undefined	liquid
285.000	79.2364	879.708	0.00113674	179.285	188.292	0.777042	0.910102	2.25218	540.906	0.0403102	undefined	undefined	liquid
285.000	79.3000	879.762	0.00113667	179.272	188.286	0.776996	0.910094	2.25177	541.007	0.0402764	undefined	undefined	liquid
285.000	79.3637	879.815	0.00113660	179.260	188.280	0.776950	0.910087	2.25136	541.108	0.0402427	undefined	undefined	liquid
285.000	79.4273	879.869	0.00113653	179.247	188.274	0.776905	0.910079	2.25094	541.210	0.0402091	undefined	undefined	liquid
285.000	79.4909	879.923	0.00113646	179.235	188.269	0.776859	0.910071	2.25053	541.311	0.0401754	undefined	undefined	liquid
285.000	79.5546	879.977	0.00113639	179.222	188.263	0.776814	0.910063	2.25012	541.412	0.0401418	undefined	undefined	liquid
285.000	79.6182	880.030	0.00113632	179.210	188.257	0.776768	0.910055	2.24971	541.513	0.0401083	undefined	undefined	liquid
285.000	79.6818	880.084	0.00113626	179.198	188.251	0.776723	0.910048	2.24930	541.615	0.0400747	undefined	undefined	liquid
285.000	79.7455	880.137	0.00113619	179.185	188.246	0.776677	0.910040	2.24889	541.716	0.0400412	undefined	undefined	liquid
285.000	79.8091	880.191	0.00113612	179.173	188.240	0.776632	0.910032	2.24848	541.817	0.0400078	undefined	undefined	liquid
285.000	79.8727	880.245	0.00113605	179.160	188.234	0.776586	0.910025	2.24807	541.918	0.0399743	undefined	undefined	liquid
285.000	79.9364	880.298	0.00113598	179.148	188.229	0.776541	0.910017	2.24767	542.019	0.0399410	undefined	undefined	liquid
285.000	80.0000	880.352	0.00113591	179.136	188.223	0.776495	0.910009	2.24726	542.119	0.0399076	undefined	undefined	liquid
