Temperature Pressure  Density Volume  InternalEnergy  Enthalpy  Entropy Cv  Cp  Spd Joule-Thomson Viscosity Therm.Cond. Phase
300.000	58.8750	724.704	0.00137987	227.115	235.239	0.945632	0.953797	4.36721	331.570	0.174746	undefined	undefined	liquid
300.000	58.9102	724.850	0.00137960	227.085	235.212	0.945526	0.953697	4.36055	331.777	0.174504	undefined	undefined	liquid
300.000	58.9454	724.996	0.00137932	227.055	235.185	0.945421	0.953597	4.35393	331.984	0.174262	undefined	undefined	liquid
300.000	58.9806	725.142	0.00137904	227.025	235.159	0.945316	0.953498	4.34735	332.190	0.174022	undefined	undefined	liquid
300.000	59.0158	725.287	0.00137876	226.995	235.132	0.945211	0.953400	4.34082	332.396	0.173782	undefined	undefined	liquid
300.000	59.0510	725.432	0.00137849	226.965	235.105	0.945106	0.953301	4.33432	332.601	0.173543	undefined	undefined	liquid
300.000	59.0862	725.577	0.00137821	226.936	235.079	0.945002	0.953203	4.32787	332.806	0.173305	undefined	undefined	liquid
300.000	59.1215	725.721	0.00137794	226.906	235.053	0.944898	0.953106	4.32145	333.010	0.173068	undefined	undefined	liquid
300.000	59.1567	725.865	0.00137767	226.877	235.026	0.944794	0.953009	4.31507	333.214	0.172832	undefined	undefined	liquid
300.000	59.1919	726.008	0.00137740	226.847	235.000	0.944691	0.952912	4.30873	333.418	0.172596	undefined	undefined	liquid
300.000	59.2271	726.151	0.00137712	226.818	234.974	0.944587	0.952816	4.30243	333.620	0.172362	undefined	undefined	liquid
300.000	59.2623	726.294	0.00137685	226.788	234.948	0.944484	0.952720	4.29617	333.823	0.172128	undefined	undefined	liquid
300.000	59.2975	726.436	0.00137658	226.759	234.922	0.944381	0.952624	4.28995	334.025	0.171896	undefined	undefined	liquid
300.000	59.3327	726.578	0.00137631	226.730	234.896	0.944279	0.952529	4.28376	334.226	0.171664	undefined	undefined	liquid
300.000	59.3679	726.720	0.00137605	226.701	234.870	0.944177	0.952434	4.27761	334.428	0.171433	undefined	undefined	liquid
300.000	59.4031	726.861	0.00137578	226.672	234.844	0.944074	0.952339	4.27150	334.628	0.171203	undefined	undefined	liquid
300.000	59.4383	727.002	0.00137551	226.643	234.819	0.943973	0.952245	4.26542	334.829	0.170974	undefined	undefined	liquid
300.000	59.4735	727.142	0.00137525	226.614	234.793	0.943871	0.952151	4.25938	335.028	0.170745	undefined	undefined	liquid
300.000	59.5087	727.282	0.00137498	226.585	234.767	0.943770	0.952058	4.25338	335.228	0.170518	undefined	undefined	liquid
300.000	59.5440	727.422	0.00137472	226.556	234.742	0.943668	0.951965	4.24741	335.427	0.170291	undefined	undefined	liquid
300.000	59.5792	727.561	0.00137445	226.528	234.716	0.943568	0.951872	4.24147	335.625	0.170065	undefined	undefined	liquid
300.000	59.6144	727.701	0.00137419	226.499	234.691	0.943467	0.951780	4.23557	335.823	0.169840	undefined	undefined	liquid
300.000	59.6496	727.839	0.00137393	226.470	234.666	0.943366	0.951688	4.22970	336.021	0.169615	undefined	undefined	liquid
300.000	59.6848	727.978	0.00137367	226.442	234.641	0.943266	0.951596	4.22387	336.218	0.169392	undefined	undefined	liquid
300.000	59.7200	728.116	0.00137341	226.413	234.615	0.943166	0.951505	4.21807	336.415	0.169169	undefined	undefined	liquid
300.000	59.7552	728.254	0.00137315	226.385	234.590	0.943067	0.951414	4.21231	336.611	0.168947	undefined	undefined	liquid
300.000	59.7904	728.391	0.00137289	226.357	234.565	0.942967	0.951323	4.20657	336.807	0.168726	undefined	undefined	liquid
300.000	59.8256	728.528	0.00137263	226.329	234.540	0.942868	0.951233	4.20087	337.003	0.168505	undefined	undefined	liquid
300.000	59.8608	728.665	0.00137237	226.300	234.515	0.942769	0.951143	4.19520	337.198	0.168286	undefined	undefined	liquid
300.000	59.8960	728.801	0.00137212	226.272	234.491	0.942670	0.951053	4.18957	337.392	0.168067	undefined	undefined	liquid
300.000	59.9312	728.937	0.00137186	226.244	234.466	0.942571	0.950964	4.18396	337.587	0.167849	undefined	undefined	liquid
300.000	59.9665	729.073	0.00137160	226.216	234.441	0.942473	0.950875	4.17839	337.781	0.167632	undefined	undefined	liquid
300.000	60.0017	729.209	0.00137135	226.188	234.417	0.942375	0.950786	4.17285	337.974	0.167415	undefined	undefined	liquid
300.000	60.0369	729.344	0.00137110	226.160	234.392	0.942277	0.950698	4.16734	338.167	0.167199	undefined	undefined	liquid
300.000	60.0721	729.478	0.00137084	226.133	234.368	0.942179	0.950610	4.16186	338.360	0.166984	undefined	undefined	liquid
300.000	60.1073	729.613	0.00137059	226.105	234.343	0.942081	0.950522	4.15641	338.552	0.166770	undefined	undefined	liquid
300.000	60.1425	729.747	0.00137034	226.077	234.319	0.941984	0.950435	4.15099	338.744	0.166556	undefined	undefined	liquid
300.000	60.1777	729.881	0.00137009	226.050	234.294	0.941887	0.950348	4.14559	338.936	0.166343	undefined	undefined	liquid
300.000	60.2129	730.014	0.00136984	226.022	234.270	0.941790	0.950261	4.14023	339.127	0.166131	undefined	undefined	liquid
300.000	60.2481	730.148	0.00136959	225.994	234.246	0.941693	0.950175	4.13490	339.318	0.165920	undefined	undefined	liquid
300.000	60.2833	730.281	0.00136934	225.967	234.222	0.941597	0.950088	4.12960	339.508	0.165709	undefined	undefined	liquid
300.000	60.3185	730.413	0.00136909	225.940	234.198	0.941500	0.950003	4.12432	339.698	0.165499	undefined	undefined	liquid
300.000	60.3537	730.546	0.00136884	225.912	234.174	0.941404	0.949917	4.11908	339.887	0.165290	undefined	undefined	liquid
300.000	60.3890	730.678	0.00136859	225.885	234.150	0.941309	0.949832	4.11386	340.077	0.165081	undefined	undefined	liquid
300.000	60.4242	730.809	0.00136835	225.858	234.126	0.941213	0.949747	4.10867	340.265	0.164873	undefined	undefined	liquid
300.000	60.4594	730.941	0.00136810	225.831	234.102	0.941117	0.949662	4.10351	340.454	0.164666	undefined	undefined	liquid
300.000	60.4946	731.072	0.00136785	225.804	234.078	0.941022	0.949578	4.09837	340.642	0.164460	undefined	undefined	liquid
300.000	60.5298	731.203	0.00136761	225.777	234.055	0.940927	0.949494	4.09326	340.830	0.164254	undefined	undefined	liquid
300.000	60.5650	731.333	0.00136737	225.750	234.031	0.940832	0.949410	4.08818	341.017	0.164049	undefined	undefined	liquid
300.000	60.6002	731.463	0.00136712	225.723	234.007	0.940738	0.949327	4.08313	341.204	0.163844	undefined	undefined	liquid
300.000	60.6354	731.593	0.00136688	225.696	233.984	0.940643	0.949244	4.07810	341.391	0.163640	undefined	undefined	liquid
300.000	60.6706	731.723	0.00136664	225.669	233.960	0.940549	0.949161	4.07310	341.577	0.163437	undefined	undefined	liquid
300.000	60.7058	731.852	0.00136640	225.642	233.937	0.940455	0.949078	4.06812	341.763	0.163235	undefined	undefined	liquid
300.000	60.7410	731.981	0.00136616	225.616	233.914	0.940361	0.948996	4.06317	341.948	0.163033	undefined	undefined	liquid
300.000	60.7762	732.110	0.00136591	225.589	233.890	0.940267	0.948914	4.05825	342.133	0.162832	undefined	undefined	liquid
300.000	60.8115	732.239	0.00136568	225.562	233.867	0.940174	0.948832	4.05335	342.318	0.162631	undefined	undefined	liquid
300.000	60.8467	732.367	0.00136544	225.536	233.844	0.940080	0.948751	4.04847	342.503	0.162432	undefined	undefined	liquid
300.000	60.8819	732.495	0.00136520	225.509	233.821	0.939987	0.948670	4.04363	342.687	0.162232	undefined	undefined	liquid
300.000	60.9171	732.622	0.00136496	225.483	233.798	0.939894	0.948589	4.03880	342.870	0.162034	undefined	undefined	liquid
300.000	60.9523	732.750	0.00136472	225.456	233.775	0.939802	0.948508	4.03400	343.054	0.161836	undefined	undefined	liquid
300.000	60.9875	732.877	0.00136449	225.430	233.752	0.939709	0.948428	4.02923	343.237	0.161639	undefined	undefined	liquid
300.000	61.0227	733.004	0.00136425	225.404	233.729	0.939617	0.948348	4.02448	343.420	0.161442	undefined	undefined	liquid
300.000	61.0579	733.130	0.00136401	225.378	233.706	0.939525	0.948268	4.01975	343.602	0.161246	undefined	undefined	liquid
300.000	61.0931	733.256	0.00136378	225.351	233.683	0.939433	0.948189	4.01504	343.784	0.161051	undefined	undefined	liquid
300.000	61.1283	733.382	0.00136354	225.325	233.661	0.939341	0.948109	4.01036	343.966	0.160856	undefined	undefined	liquid
300.000	61.1635	733.508	0.00136331	225.299	233.638	0.939249	0.948030	4.00571	344.147	0.160662	undefined	undefined	liquid
300.000	61.1987	733.634	0.00136308	225.273	233.615	0.939158	0.947952	4.00107	344.328	0.160468	undefined	undefined	liquid
300.000	61.2340	733.759	0.00136285	225.247	233.593	0.939067	0.947873	3.99646	344.509	0.160275	undefined	undefined	liquid
300.000	61.2692	733.884	0.00136261	225.221	233.570	0.938975	0.947795	3.99187	344.689	0.160083	undefined	undefined	liquid
300.000	61.3044	734.009	0.00136238	225.196	233.548	0.938885	0.947717	3.98731	344.869	0.159891	undefined	undefined	liquid
300.000	61.3396	734.133	0.00136215	225.170	233.525	0.938794	0.947639	3.98276	345.049	0.159700	undefined	undefined	liquid
300.000	61.3748	734.257	0.00136192	225.144	233.503	0.938703	0.947562	3.97824	345.228	0.159509	undefined	undefined	liquid
300.000	61.4100	734.381	0.00136169	225.118	233.481	0.938613	0.947485	3.97374	345.407	0.159319	undefined	undefined	liquid
300.000	61.4452	734.505	0.00136146	225.093	233.458	0.938523	0.947408	3.96927	345.586	0.159130	undefined	undefined	liquid
300.000	61.4804	734.628	0.00136123	225.067	233.436	0.938433	0.947331	3.96481	345.764	0.158941	undefined	undefined	liquid
300.000	61.5156	734.751	0.00136100	225.042	233.414	0.938343	0.947255	3.96038	345.942	0.158753	undefined	undefined	liquid
300.000	61.5508	734.874	0.00136078	225.016	233.392	0.938253	0.947179	3.95596	346.120	0.158565	undefined	undefined	liquid
300.000	61.5860	734.997	0.00136055	224.991	233.370	0.938164	0.947103	3.95157	346.297	0.158378	undefined	undefined	liquid
300.000	61.6212	735.119	0.00136032	224.965	233.348	0.938074	0.947027	3.94720	346.474	0.158192	undefined	undefined	liquid
300.000	61.6565	735.241	0.00136010	224.940	233.326	0.937985	0.946952	3.94285	346.651	0.158006	undefined	undefined	liquid
300.000	61.6917	735.363	0.00135987	224.915	233.304	0.937896	0.946877	3.93852	346.827	0.157820	undefined	undefined	liquid
300.000	61.7269	735.485	0.00135965	224.889	233.282	0.937807	0.946802	3.93421	347.003	0.157636	undefined	undefined	liquid
300.000	61.7621	735.606	0.00135942	224.864	233.260	0.937719	0.946727	3.92992	347.179	0.157451	undefined	undefined	liquid
300.000	61.7973	735.727	0.00135920	224.839	233.238	0.937630	0.946653	3.92565	347.355	0.157268	undefined	undefined	liquid
300.000	61.8325	735.848	0.00135898	224.814	233.217	0.937542	0.946578	3.92141	347.530	0.157084	undefined	undefined	liquid
300.000	61.8677	735.969	0.00135875	224.789	233.195	0.937454	0.946504	3.91718	347.705	0.156902	undefined	undefined	liquid
300.000	61.9029	736.089	0.00135853	224.764	233.173	0.937366	0.946431	3.91297	347.879	0.156720	undefined	undefined	liquid
300.000	61.9381	736.209	0.00135831	224.739	233.152	0.937278	0.946357	3.90878	348.054	0.156538	undefined	undefined	liquid
300.000	61.9733	736.329	0.00135809	224.714	233.130	0.937190	0.946284	3.90461	348.228	0.156357	undefined	undefined	liquid
300.000	62.0085	736.449	0.00135787	224.689	233.109	0.937103	0.946211	3.90046	348.401	0.156177	undefined	undefined	liquid
300.000	62.0437	736.568	0.00135765	224.664	233.087	0.937015	0.946138	3.89633	348.575	0.155997	undefined	undefined	liquid
300.000	62.0790	736.688	0.00135743	224.639	233.066	0.936928	0.946065	3.89221	348.748	0.155817	undefined	undefined	liquid
300.000	62.1142	736.807	0.00135721	224.615	233.045	0.936841	0.945993	3.88812	348.920	0.155639	undefined	undefined	liquid
300.000	62.1494	736.925	0.00135699	224.590	233.023	0.936754	0.945921	3.88405	349.093	0.155460	undefined	undefined	liquid
300.000	62.1846	737.044	0.00135677	224.565	233.002	0.936668	0.945849	3.87999	349.265	0.155282	undefined	undefined	liquid
300.000	62.2198	737.162	0.00135655	224.541	232.981	0.936581	0.945777	3.87595	349.437	0.155105	undefined	undefined	liquid
300.000	62.2550	737.280	0.00135634	224.516	232.960	0.936495	0.945706	3.87193	349.608	0.154928	undefined	undefined	liquid
300.000	62.2902	737.398	0.00135612	224.491	232.939	0.936408	0.945635	3.86793	349.780	0.154752	undefined	undefined	liquid
300.000	62.3254	737.516	0.00135590	224.467	232.918	0.936322	0.945564	3.86394	349.951	0.154576	undefined	undefined	liquid
300.000	62.3606	737.633	0.00135569	224.443	232.897	0.936236	0.945493	3.85998	350.121	0.154401	undefined	undefined	liquid
300.000	62.3958	737.750	0.00135547	224.418	232.876	0.936151	0.945422	3.85603	350.292	0.154226	undefined	undefined	liquid
300.000	62.4310	737.867	0.00135526	224.394	232.855	0.936065	0.945352	3.85210	350.462	0.154052	undefined	undefined	liquid
300.000	62.4662	737.984	0.00135504	224.370	232.834	0.935979	0.945282	3.84819	350.632	0.153878	undefined	undefined	liquid
300.000	62.5015	738.100	0.00135483	224.345	232.813	0.935894	0.945212	3.84429	350.801	0.153705	undefined	undefined	liquid
300.000	62.5367	738.216	0.00135462	224.321	232.792	0.935809	0.945142	3.84041	350.971	0.153532	undefined	undefined	liquid
300.000	62.5719	738.332	0.00135440	224.297	232.772	0.935724	0.945073	3.83655	351.140	0.153360	undefined	undefined	liquid
300.000	62.6071	738.448	0.00135419	224.273	232.751	0.935639	0.945004	3.83270	351.308	0.153188	undefined	undefined	liquid
300.000	62.6423	738.564	0.00135398	224.249	232.730	0.935554	0.944934	3.82888	351.477	0.153017	undefined	undefined	liquid
300.000	62.6775	738.679	0.00135377	224.225	232.710	0.935470	0.944866	3.82506	351.645	0.152846	undefined	undefined	liquid
300.000	62.7127	738.794	0.00135356	224.201	232.689	0.935385	0.944797	3.82127	351.813	0.152676	undefined	undefined	liquid
300.000	62.7479	738.909	0.00135335	224.177	232.669	0.935301	0.944729	3.81749	351.981	0.152506	undefined	undefined	liquid
300.000	62.7831	739.024	0.00135314	224.153	232.648	0.935217	0.944660	3.81373	352.148	0.152336	undefined	undefined	liquid
300.000	62.8183	739.139	0.00135293	224.129	232.628	0.935133	0.944592	3.80998	352.315	0.152167	undefined	undefined	liquid
300.000	62.8535	739.253	0.00135272	224.105	232.607	0.935049	0.944524	3.80625	352.482	0.151999	undefined	undefined	liquid
300.000	62.8887	739.367	0.00135251	224.081	232.587	0.934965	0.944457	3.80254	352.648	0.151831	undefined	undefined	liquid
300.000	62.9240	739.481	0.00135230	224.057	232.567	0.934882	0.944389	3.79884	352.814	0.151663	undefined	undefined	liquid
300.000	62.9592	739.594	0.00135209	224.034	232.546	0.934798	0.944322	3.79516	352.980	0.151496	undefined	undefined	liquid
300.000	62.9944	739.708	0.00135188	224.010	232.526	0.934715	0.944255	3.79149	353.146	0.151330	undefined	undefined	liquid
300.000	63.0296	739.821	0.00135168	223.986	232.506	0.934632	0.944188	3.78784	353.312	0.151164	undefined	undefined	liquid
300.000	63.0648	739.934	0.00135147	223.963	232.486	0.934549	0.944122	3.78421	353.477	0.150998	undefined	undefined	liquid
300.000	63.1000	740.047	0.00135127	223.939	232.466	0.934466	0.944055	3.78059	353.642	0.150833	undefined	undefined	liquid
300.000	63.1352	740.160	0.00135106	223.916	232.446	0.934383	0.943989	3.77698	353.806	0.150668	undefined	undefined	liquid
300.000	63.1704	740.272	0.00135085	223.892	232.426	0.934301	0.943923	3.77339	353.971	0.150504	undefined	undefined	liquid
300.000	63.2056	740.384	0.00135065	223.869	232.406	0.934218	0.943857	3.76982	354.135	0.150340	undefined	undefined	liquid
300.000	63.2408	740.496	0.00135045	223.845	232.386	0.934136	0.943792	3.76626	354.299	0.150176	undefined	undefined	liquid
300.000	63.2760	740.608	0.00135024	223.822	232.366	0.934054	0.943726	3.76271	354.462	0.150013	undefined	undefined	liquid
300.000	63.3112	740.720	0.00135004	223.799	232.346	0.933972	0.943661	3.75918	354.626	0.149851	undefined	undefined	liquid
300.000	63.3465	740.831	0.00134983	223.775	232.326	0.933890	0.943596	3.75567	354.789	0.149689	undefined	undefined	liquid
300.000	63.3817	740.943	0.00134963	223.752	232.306	0.933808	0.943531	3.75217	354.952	0.149527	undefined	undefined	liquid
300.000	63.4169	741.054	0.00134943	223.729	232.287	0.933727	0.943466	3.74868	355.114	0.149366	undefined	undefined	liquid
300.000	63.4521	741.164	0.00134923	223.706	232.267	0.933645	0.943402	3.74521	355.277	0.149205	undefined	undefined	liquid
300.000	63.4873	741.275	0.00134903	223.683	232.247	0.933564	0.943337	3.74175	355.439	0.149045	undefined	undefined	liquid
300.000	63.5225	741.385	0.00134883	223.660	232.228	0.933483	0.943273	3.73831	355.601	0.148885	undefined	undefined	liquid
300.000	63.5577	741.496	0.00134863	223.637	232.208	0.933402	0.943209	3.73488	355.762	0.148725	undefined	undefined	liquid
300.000	63.5929	741.606	0.00134843	223.614	232.189	0.933321	0.943146	3.73146	355.924	0.148566	undefined	undefined	liquid
300.000	63.6281	741.716	0.00134823	223.591	232.169	0.933240	0.943082	3.72806	356.085	0.148407	undefined	undefined	liquid
300.000	63.6633	741.825	0.00134803	223.568	232.150	0.933159	0.943019	3.72467	356.245	0.148249	undefined	undefined	liquid
300.000	63.6985	741.935	0.00134783	223.545	232.130	0.933079	0.942955	3.72129	356.406	0.148091	undefined	undefined	liquid
300.000	63.7337	742.044	0.00134763	223.522	232.111	0.932998	0.942892	3.71793	356.566	0.147934	undefined	undefined	liquid
300.000	63.7690	742.153	0.00134743	223.499	232.091	0.932918	0.942829	3.71458	356.727	0.147777	undefined	undefined	liquid
300.000	63.8042	742.262	0.00134723	223.476	232.072	0.932838	0.942767	3.71125	356.886	0.147620	undefined	undefined	liquid
300.000	63.8394	742.371	0.00134704	223.454	232.053	0.932758	0.942704	3.70793	357.046	0.147464	undefined	undefined	liquid
300.000	63.8746	742.479	0.00134684	223.431	232.034	0.932678	0.942642	3.70462	357.205	0.147308	undefined	undefined	liquid
300.000	63.9098	742.588	0.00134664	223.408	232.014	0.932598	0.942580	3.70133	357.365	0.147153	undefined	undefined	liquid
300.000	63.9450	742.696	0.00134645	223.385	231.995	0.932518	0.942518	3.69804	357.523	0.146998	undefined	undefined	liquid
300.000	63.9802	742.804	0.00134625	223.363	231.976	0.932439	0.942456	3.69477	357.682	0.146843	undefined	undefined	liquid
300.000	64.0154	742.912	0.00134606	223.340	231.957	0.932359	0.942394	3.69152	357.841	0.146689	undefined	undefined	liquid
300.000	64.0506	743.019	0.00134586	223.318	231.938	0.932280	0.942333	3.68828	357.999	0.146535	undefined	undefined	liquid
300.000	64.0858	743.127	0.00134567	223.295	231.919	0.932201	0.942272	3.68504	358.157	0.146382	undefined	undefined	liquid
300.000	64.1210	743.234	0.00134547	223.273	231.900	0.932122	0.942210	3.68183	358.314	0.146229	undefined	undefined	liquid
300.000	64.1562	743.341	0.00134528	223.250	231.881	0.932043	0.942150	3.67862	358.472	0.146076	undefined	undefined	liquid
300.000	64.1915	743.448	0.00134508	223.228	231.862	0.931964	0.942089	3.67543	358.629	0.145924	undefined	undefined	liquid
300.000	64.2267	743.555	0.00134489	223.206	231.843	0.931885	0.942028	3.67225	358.786	0.145772	undefined	undefined	liquid
300.000	64.2619	743.661	0.00134470	223.183	231.825	0.931807	0.941968	3.66908	358.943	0.145620	undefined	undefined	liquid
300.000	64.2971	743.768	0.00134451	223.161	231.806	0.931728	0.941907	3.66592	359.100	0.145469	undefined	undefined	liquid
300.000	64.3323	743.874	0.00134431	223.139	231.787	0.931650	0.941847	3.66278	359.256	0.145319	undefined	undefined	liquid
300.000	64.3675	743.980	0.00134412	223.116	231.768	0.931572	0.941787	3.65965	359.412	0.145168	undefined	undefined	liquid
300.000	64.4027	744.086	0.00134393	223.094	231.750	0.931494	0.941728	3.65653	359.568	0.145018	undefined	undefined	liquid
300.000	64.4379	744.191	0.00134374	223.072	231.731	0.931416	0.941668	3.65342	359.724	0.144869	undefined	undefined	liquid
300.000	64.4731	744.297	0.00134355	223.050	231.712	0.931338	0.941609	3.65032	359.879	0.144720	undefined	undefined	liquid
300.000	64.5083	744.402	0.00134336	223.028	231.694	0.931260	0.941549	3.64724	360.034	0.144571	undefined	undefined	liquid
300.000	64.5435	744.507	0.00134317	223.006	231.675	0.931183	0.941490	3.64416	360.189	0.144422	undefined	undefined	liquid
300.000	64.5787	744.612	0.00134298	222.984	231.657	0.931105	0.941431	3.64110	360.344	0.144274	undefined	undefined	liquid
300.000	64.6140	744.717	0.00134279	222.962	231.638	0.931028	0.941372	3.63805	360.498	0.144127	undefined	undefined	liquid
300.000	64.6492	744.821	0.00134260	222.940	231.620	0.930951	0.941314	3.63501	360.653	0.143979	undefined	undefined	liquid
300.000	64.6844	744.926	0.00134242	222.918	231.601	0.930874	0.941255	3.63199	360.807	0.143832	undefined	undefined	liquid
300.000	64.7196	745.030	0.00134223	222.896	231.583	0.930797	0.941197	3.62897	360.961	0.143686	undefined	undefined	liquid
300.000	64.7548	745.134	0.00134204	222.874	231.565	0.930720	0.941139	3.62597	361.114	0.143540	undefined	undefined	liquid
300.000	64.7900	745.238	0.00134185	222.852	231.546	0.930643	0.941081	3.62297	361.268	0.143394	undefined	undefined	liquid
300.000	64.8252	745.342	0.00134167	222.831	231.528	0.930566	0.941023	3.61999	361.421	0.143248	undefined	undefined	liquid
300.000	64.8604	745.446	0.00134148	222.809	231.510	0.930490	0.940965	3.61702	361.574	0.143103	undefined	undefined	liquid
300.000	64.8956	745.549	0.00134129	222.787	231.492	0.930413	0.940908	3.61406	361.727	0.142958	undefined	undefined	liquid
300.000	64.9308	745.652	0.00134111	222.765	231.473	0.930337	0.940850	3.61111	361.879	0.142814	undefined	undefined	liquid
300.000	64.9660	745.755	0.00134092	222.744	231.455	0.930261	0.940793	3.60817	362.032	0.142670	undefined	undefined	liquid
300.000	65.0012	745.858	0.00134074	222.722	231.437	0.930185	0.940736	3.60525	362.184	0.142526	undefined	undefined	liquid
300.000	65.0365	745.961	0.00134055	222.701	231.419	0.930109	0.940679	3.60233	362.336	0.142382	undefined	undefined	liquid
300.000	65.0717	746.064	0.00134037	222.679	231.401	0.930033	0.940622	3.59942	362.487	0.142239	undefined	undefined	liquid
300.000	65.1069	746.166	0.00134018	222.658	231.383	0.929957	0.940566	3.59653	362.639	0.142097	undefined	undefined	liquid
300.000	65.1421	746.268	0.00134000	222.636	231.365	0.929881	0.940509	3.59364	362.790	0.141954	undefined	undefined	liquid
300.000	65.1773	746.371	0.00133982	222.615	231.347	0.929806	0.940453	3.59077	362.941	0.141812	undefined	undefined	liquid
300.000	65.2125	746.473	0.00133963	222.593	231.329	0.929730	0.940397	3.58790	363.092	0.141671	undefined	undefined	liquid
300.000	65.2477	746.574	0.00133945	222.572	231.311	0.929655	0.940341	3.58505	363.243	0.141529	undefined	undefined	liquid
300.000	65.2829	746.676	0.00133927	222.550	231.293	0.929580	0.940285	3.58221	363.393	0.141388	undefined	undefined	liquid
300.000	65.3181	746.778	0.00133909	222.529	231.276	0.929505	0.940229	3.57937	363.544	0.141247	undefined	undefined	liquid
300.000	65.3533	746.879	0.00133891	222.508	231.258	0.929430	0.940173	3.57655	363.694	0.141107	undefined	undefined	liquid
300.000	65.3885	746.980	0.00133872	222.486	231.240	0.929355	0.940118	3.57374	363.844	0.140967	undefined	undefined	liquid
300.000	65.4237	747.081	0.00133854	222.465	231.222	0.929280	0.940063	3.57093	363.993	0.140827	undefined	undefined	liquid
300.000	65.4590	747.182	0.00133836	222.444	231.205	0.929205	0.940007	3.56814	364.143	0.140688	undefined	undefined	liquid
300.000	65.4942	747.283	0.00133818	222.423	231.187	0.929131	0.939952	3.56536	364.292	0.140549	undefined	undefined	liquid
300.000	65.5294	747.383	0.00133800	222.402	231.169	0.929056	0.939898	3.56258	364.441	0.140410	undefined	undefined	liquid
300.000	65.5646	747.484	0.00133782	222.380	231.152	0.928982	0.939843	3.55982	364.590	0.140272	undefined	undefined	liquid
300.000	65.5998	747.584	0.00133764	222.359	231.134	0.928908	0.939788	3.55707	364.738	0.140134	undefined	undefined	liquid
300.000	65.6350	747.684	0.00133746	222.338	231.117	0.928834	0.939734	3.55432	364.887	0.139996	undefined	undefined	liquid
300.000	65.6702	747.784	0.00133728	222.317	231.099	0.928760	0.939679	3.55159	365.035	0.139859	undefined	undefined	liquid
300.000	65.7054	747.884	0.00133711	222.296	231.082	0.928686	0.939625	3.54886	365.183	0.139722	undefined	undefined	liquid
300.000	65.7406	747.983	0.00133693	222.275	231.064	0.928612	0.939571	3.54615	365.331	0.139585	undefined	undefined	liquid
300.000	65.7758	748.083	0.00133675	222.254	231.047	0.928538	0.939517	3.54344	365.478	0.139449	undefined	undefined	liquid
300.000	65.8110	748.182	0.00133657	222.233	231.030	0.928465	0.939464	3.54074	365.626	0.139312	undefined	undefined	liquid
300.000	65.8462	748.281	0.00133640	222.213	231.012	0.928391	0.939410	3.53806	365.773	0.139177	undefined	undefined	liquid
300.000	65.8815	748.380	0.00133622	222.192	230.995	0.928318	0.939356	3.53538	365.920	0.139041	undefined	undefined	liquid
300.000	65.9167	748.479	0.00133604	222.171	230.978	0.928244	0.939303	3.53271	366.067	0.138906	undefined	undefined	liquid
300.000	65.9519	748.578	0.00133587	222.150	230.960	0.928171	0.939250	3.53005	366.214	0.138771	undefined	undefined	liquid
300.000	65.9871	748.677	0.00133569	222.129	230.943	0.928098	0.939197	3.52740	366.360	0.138637	undefined	undefined	liquid
300.000	66.0223	748.775	0.00133551	222.108	230.926	0.928025	0.939144	3.52476	366.507	0.138502	undefined	undefined	liquid
300.000	66.0575	748.873	0.00133534	222.088	230.909	0.927952	0.939091	3.52212	366.653	0.138368	undefined	undefined	liquid
300.000	66.0927	748.972	0.00133516	222.067	230.892	0.927879	0.939038	3.51950	366.798	0.138235	undefined	undefined	liquid
300.000	66.1279	749.070	0.00133499	222.046	230.874	0.927806	0.938986	3.51689	366.944	0.138101	undefined	undefined	liquid
300.000	66.1631	749.167	0.00133482	222.026	230.857	0.927734	0.938933	3.51428	367.090	0.137968	undefined	undefined	liquid
300.000	66.1983	749.265	0.00133464	222.005	230.840	0.927661	0.938881	3.51168	367.235	0.137836	undefined	undefined	liquid
300.000	66.2335	749.363	0.00133447	221.985	230.823	0.927589	0.938829	3.50910	367.380	0.137703	undefined	undefined	liquid
300.000	66.2687	749.460	0.00133429	221.964	230.806	0.927517	0.938777	3.50652	367.525	0.137571	undefined	undefined	liquid
300.000	66.3040	749.557	0.00133412	221.944	230.789	0.927444	0.938725	3.50395	367.670	0.137439	undefined	undefined	liquid
300.000	66.3392	749.655	0.00133395	221.923	230.772	0.927372	0.938673	3.50138	367.814	0.137308	undefined	undefined	liquid
300.000	66.3744	749.752	0.00133378	221.903	230.755	0.927300	0.938622	3.49883	367.959	0.137177	undefined	undefined	liquid
300.000	66.4096	749.848	0.00133360	221.882	230.739	0.927228	0.938570	3.49629	368.103	0.137046	undefined	undefined	liquid
300.000	66.4448	749.945	0.00133343	221.862	230.722	0.927156	0.938519	3.49375	368.247	0.136915	undefined	undefined	liquid
300.000	66.4800	750.042	0.00133326	221.841	230.705	0.927085	0.938468	3.49122	368.391	0.136785	undefined	undefined	liquid
300.000	66.5152	750.138	0.00133309	221.821	230.688	0.927013	0.938417	3.48870	368.535	0.136655	undefined	undefined	liquid
300.000	66.5504	750.234	0.00133292	221.801	230.671	0.926941	0.938366	3.48619	368.678	0.136525	undefined	undefined	liquid
300.000	66.5856	750.331	0.00133275	221.780	230.655	0.926870	0.938315	3.48369	368.821	0.136395	undefined	undefined	liquid
300.000	66.6208	750.427	0.00133258	221.760	230.638	0.926799	0.938264	3.48119	368.964	0.136266	undefined	undefined	liquid
300.000	66.6560	750.523	0.00133240	221.740	230.621	0.926727	0.938213	3.47871	369.107	0.136137	undefined	undefined	liquid
300.000	66.6912	750.618	0.00133224	221.720	230.604	0.926656	0.938163	3.47623	369.250	0.136009	undefined	undefined	liquid
300.000	66.7265	750.714	0.00133207	221.699	230.588	0.926585	0.938112	3.47376	369.393	0.135880	undefined	undefined	liquid
300.000	66.7617	750.809	0.00133190	221.679	230.571	0.926514	0.938062	3.47130	369.535	0.135752	undefined	undefined	liquid
300.000	66.7969	750.905	0.00133173	221.659	230.555	0.926443	0.938012	3.46884	369.677	0.135624	undefined	undefined	liquid
300.000	66.8321	751.000	0.00133156	221.639	230.538	0.926372	0.937962	3.46640	369.819	0.135497	undefined	undefined	liquid
300.000	66.8673	751.095	0.00133139	221.619	230.522	0.926302	0.937912	3.46396	369.961	0.135370	undefined	undefined	liquid
300.000	66.9025	751.190	0.00133122	221.599	230.505	0.926231	0.937863	3.46153	370.103	0.135243	undefined	undefined	liquid
300.000	66.9377	751.285	0.00133105	221.579	230.489	0.926161	0.937813	3.45910	370.244	0.135116	undefined	undefined	liquid
300.000	66.9729	751.379	0.00133089	221.559	230.472	0.926090	0.937763	3.45669	370.386	0.134990	undefined	undefined	liquid
300.000	67.0081	751.474	0.00133072	221.539	230.456	0.926020	0.937714	3.45428	370.527	0.134864	undefined	undefined	liquid
300.000	67.0433	751.568	0.00133055	221.519	230.439	0.925950	0.937665	3.45188	370.668	0.134738	undefined	undefined	liquid
300.000	67.0785	751.663	0.00133038	221.499	230.423	0.925879	0.937616	3.44949	370.809	0.134612	undefined	undefined	liquid
300.000	67.1137	751.757	0.00133022	221.479	230.407	0.925809	0.937567	3.44711	370.949	0.134487	undefined	undefined	liquid
300.000	67.1490	751.851	0.00133005	221.459	230.390	0.925739	0.937518	3.44473	371.090	0.134362	undefined	undefined	liquid
300.000	67.1842	751.945	0.00132989	221.439	230.374	0.925670	0.937469	3.44237	371.230	0.134237	undefined	undefined	liquid
300.000	67.2194	752.038	0.00132972	221.420	230.358	0.925600	0.937420	3.44000	371.370	0.134113	undefined	undefined	liquid
300.000	67.2546	752.132	0.00132955	221.400	230.342	0.925530	0.937372	3.43765	371.510	0.133988	undefined	undefined	liquid
300.000	67.2898	752.226	0.00132939	221.380	230.325	0.925460	0.937323	3.43530	371.650	0.133865	undefined	undefined	liquid
300.000	67.3250	752.319	0.00132922	221.360	230.309	0.925391	0.937275	3.43297	371.789	0.133741	undefined	undefined	liquid
300.000	67.3602	752.412	0.00132906	221.341	230.293	0.925321	0.937227	3.43063	371.929	0.133617	undefined	undefined	liquid
300.000	67.3954	752.505	0.00132889	221.321	230.277	0.925252	0.937178	3.42831	372.068	0.133494	undefined	undefined	liquid
300.000	67.4306	752.598	0.00132873	221.301	230.261	0.925183	0.937130	3.42599	372.207	0.133371	undefined	undefined	liquid
300.000	67.4658	752.691	0.00132857	221.281	230.245	0.925114	0.937083	3.42369	372.346	0.133249	undefined	undefined	liquid
300.000	67.5010	752.784	0.00132840	221.262	230.229	0.925045	0.937035	3.42138	372.485	0.133126	undefined	undefined	liquid
300.000	67.5362	752.876	0.00132824	221.242	230.213	0.924976	0.936987	3.41909	372.623	0.133004	undefined	undefined	liquid
300.000	67.5715	752.969	0.00132808	221.223	230.197	0.924907	0.936940	3.41680	372.762	0.132882	undefined	undefined	liquid
300.000	67.6067	753.061	0.00132791	221.203	230.181	0.924838	0.936892	3.41452	372.900	0.132761	undefined	undefined	liquid
300.000	67.6419	753.153	0.00132775	221.184	230.165	0.924769	0.936845	3.41225	373.038	0.132639	undefined	undefined	liquid
300.000	67.6771	753.245	0.00132759	221.164	230.149	0.924700	0.936798	3.40998	373.176	0.132518	undefined	undefined	liquid
300.000	67.7123	753.337	0.00132743	221.145	230.133	0.924632	0.936751	3.40772	373.314	0.132398	undefined	undefined	liquid
300.000	67.7475	753.429	0.00132726	221.125	230.117	0.924563	0.936704	3.40547	373.451	0.132277	undefined	undefined	liquid
300.000	67.7827	753.521	0.00132710	221.106	230.101	0.924495	0.936657	3.40322	373.589	0.132157	undefined	undefined	liquid
300.000	67.8179	753.613	0.00132694	221.086	230.085	0.924427	0.936610	3.40098	373.726	0.132037	undefined	undefined	liquid
300.000	67.8531	753.704	0.00132678	221.067	230.070	0.924358	0.936563	3.39875	373.863	0.131917	undefined	undefined	liquid
300.000	67.8883	753.795	0.00132662	221.048	230.054	0.924290	0.936517	3.39653	374.000	0.131797	undefined	undefined	liquid
300.000	67.9235	753.887	0.00132646	221.028	230.038	0.924222	0.936470	3.39431	374.137	0.131678	undefined	undefined	liquid
300.000	67.9587	753.978	0.00132630	221.009	230.022	0.924154	0.936424	3.39210	374.274	0.131559	undefined	undefined	liquid
300.000	67.9940	754.069	0.00132614	220.990	230.007	0.924086	0.936378	3.38989	374.410	0.131440	undefined	undefined	liquid
300.000	68.0292	754.160	0.00132598	220.970	229.991	0.924019	0.936332	3.38769	374.546	0.131321	undefined	undefined	liquid
300.000	68.0644	754.250	0.00132582	220.951	229.975	0.923951	0.936286	3.38550	374.682	0.131203	undefined	undefined	liquid
300.000	68.0996	754.341	0.00132566	220.932	229.960	0.923883	0.936240	3.38332	374.818	0.131085	undefined	undefined	liquid
300.000	68.1348	754.431	0.00132550	220.913	229.944	0.923816	0.936194	3.38114	374.954	0.130967	undefined	undefined	liquid
300.000	68.1700	754.522	0.00132534	220.894	229.929	0.923748	0.936148	3.37897	375.090	0.130849	undefined	undefined	liquid
300.000	68.2052	754.612	0.00132518	220.875	229.913	0.923681	0.936103	3.37680	375.225	0.130732	undefined	undefined	liquid
300.000	68.2404	754.702	0.00132503	220.855	229.897	0.923613	0.936057	3.37464	375.361	0.130615	undefined	undefined	liquid
300.000	68.2756	754.792	0.00132487	220.836	229.882	0.923546	0.936012	3.37249	375.496	0.130498	undefined	undefined	liquid
300.000	68.3108	754.882	0.00132471	220.817	229.866	0.923479	0.935967	3.37035	375.631	0.130381	undefined	undefined	liquid
300.000	68.3460	754.972	0.00132455	220.798	229.851	0.923412	0.935921	3.36821	375.766	0.130265	undefined	undefined	liquid
300.000	68.3812	755.062	0.00132440	220.779	229.836	0.923345	0.935876	3.36607	375.901	0.130149	undefined	undefined	liquid
300.000	68.4165	755.151	0.00132424	220.760	229.820	0.923278	0.935831	3.36395	376.035	0.130033	undefined	undefined	liquid
300.000	68.4517	755.241	0.00132408	220.741	229.805	0.923211	0.935787	3.36183	376.170	0.129917	undefined	undefined	liquid
300.000	68.4869	755.330	0.00132392	220.722	229.789	0.923144	0.935742	3.35971	376.304	0.129802	undefined	undefined	liquid
300.000	68.5221	755.419	0.00132377	220.703	229.774	0.923078	0.935697	3.35761	376.438	0.129686	undefined	undefined	liquid
300.000	68.5573	755.508	0.00132361	220.684	229.759	0.923011	0.935653	3.35550	376.572	0.129571	undefined	undefined	liquid
300.000	68.5925	755.597	0.00132346	220.666	229.743	0.922945	0.935608	3.35341	376.706	0.129457	undefined	undefined	liquid
300.000	68.6277	755.686	0.00132330	220.647	229.728	0.922878	0.935564	3.35132	376.840	0.129342	undefined	undefined	liquid
300.000	68.6629	755.775	0.00132315	220.628	229.713	0.922812	0.935520	3.34924	376.973	0.129228	undefined	undefined	liquid
300.000	68.6981	755.864	0.00132299	220.609	229.698	0.922745	0.935475	3.34716	377.106	0.129114	undefined	undefined	liquid
300.000	68.7333	755.952	0.00132284	220.590	229.682	0.922679	0.935431	3.34509	377.240	0.129000	undefined	undefined	liquid
300.000	68.7685	756.041	0.00132268	220.571	229.667	0.922613	0.935387	3.34302	377.373	0.128886	undefined	undefined	liquid
300.000	68.8037	756.129	0.00132253	220.553	229.652	0.922547	0.935344	3.34096	377.506	0.128773	undefined	undefined	liquid
300.000	68.8390	756.217	0.00132237	220.534	229.637	0.922481	0.935300	3.33891	377.638	0.128660	undefined	undefined	liquid
300.000	68.8742	756.305	0.00132222	220.515	229.622	0.922415	0.935256	3.33686	377.771	0.128547	undefined	undefined	liquid
300.000	68.9094	756.393	0.00132206	220.497	229.607	0.922349	0.935213	3.33482	377.903	0.128434	undefined	undefined	liquid
300.000	68.9446	756.481	0.00132191	220.478	229.592	0.922284	0.935169	3.33279	378.036	0.128321	undefined	undefined	liquid
300.000	68.9798	756.569	0.00132176	220.459	229.577	0.922218	0.935126	3.33076	378.168	0.128209	undefined	undefined	liquid
300.000	69.0150	756.656	0.00132160	220.441	229.562	0.922152	0.935083	3.32873	378.300	0.128097	undefined	undefined	liquid
300.000	69.0502	756.744	0.00132145	220.422	229.547	0.922087	0.935039	3.32672	378.432	0.127985	undefined	undefined	liquid
300.000	69.0854	756.831	0.00132130	220.403	229.532	0.922021	0.934996	3.32471	378.563	0.127874	undefined	undefined	liquid
300.000	69.1206	756.919	0.00132115	220.385	229.517	0.921956	0.934953	3.32270	378.695	0.127762	undefined	undefined	liquid
300.000	69.1558	757.006	0.00132099	220.366	229.502	0.921891	0.934910	3.32070	378.827	0.127651	undefined	undefined	liquid
300.000	69.1910	757.093	0.00132084	220.348	229.487	0.921826	0.934868	3.31870	378.958	0.127540	undefined	undefined	liquid
300.000	69.2262	757.180	0.00132069	220.329	229.472	0.921760	0.934825	3.31671	379.089	0.127429	undefined	undefined	liquid
300.000	69.2615	757.267	0.00132054	220.311	229.457	0.921695	0.934782	3.31473	379.220	0.127319	undefined	undefined	liquid
300.000	69.2967	757.353	0.00132039	220.292	229.442	0.921630	0.934740	3.31275	379.351	0.127208	undefined	undefined	liquid
300.000	69.3319	757.440	0.00132024	220.274	229.427	0.921565	0.934697	3.31078	379.482	0.127098	undefined	undefined	liquid
300.000	69.3671	757.527	0.00132009	220.256	229.413	0.921501	0.934655	3.30881	379.612	0.126988	undefined	undefined	liquid
300.000	69.4023	757.613	0.00131993	220.237	229.398	0.921436	0.934613	3.30685	379.743	0.126879	undefined	undefined	liquid
300.000	69.4375	757.699	0.00131978	220.219	229.383	0.921371	0.934571	3.30490	379.873	0.126769	undefined	undefined	liquid
300.000	69.4727	757.786	0.00131963	220.200	229.368	0.921307	0.934529	3.30295	380.003	0.126660	undefined	undefined	liquid
300.000	69.5079	757.872	0.00131948	220.182	229.354	0.921242	0.934487	3.30100	380.133	0.126551	undefined	undefined	liquid
300.000	69.5431	757.958	0.00131933	220.164	229.339	0.921178	0.934445	3.29906	380.263	0.126442	undefined	undefined	liquid
300.000	69.5783	758.044	0.00131919	220.146	229.324	0.921113	0.934403	3.29713	380.393	0.126333	undefined	undefined	liquid
300.000	69.6135	758.130	0.00131904	220.127	229.310	0.921049	0.934362	3.29520	380.522	0.126225	undefined	undefined	liquid
300.000	69.6487	758.215	0.00131889	220.109	229.295	0.920985	0.934320	3.29328	380.652	0.126117	undefined	undefined	liquid
300.000	69.6840	758.301	0.00131874	220.091	229.280	0.920920	0.934278	3.29136	380.781	0.126009	undefined	undefined	liquid
300.000	69.7192	758.386	0.00131859	220.073	229.266	0.920856	0.934237	3.28945	380.910	0.125901	undefined	undefined	liquid
300.000	69.7544	758.472	0.00131844	220.054	229.251	0.920792	0.934196	3.28754	381.039	0.125793	undefined	undefined	liquid
300.000	69.7896	758.557	0.00131829	220.036	229.237	0.920728	0.934155	3.28564	381.168	0.125686	undefined	undefined	liquid
300.000	69.8248	758.642	0.00131814	220.018	229.222	0.920664	0.934113	3.28374	381.297	0.125579	undefined	undefined	liquid
300.000	69.8600	758.727	0.00131800	220.000	229.208	0.920600	0.934072	3.28185	381.425	0.125472	undefined	undefined	liquid
300.000	69.8952	758.812	0.00131785	219.982	229.193	0.920537	0.934031	3.27996	381.554	0.125365	undefined	undefined	liquid
300.000	69.9304	758.897	0.00131770	219.964	229.179	0.920473	0.933991	3.27808	381.682	0.125258	undefined	undefined	liquid
300.000	69.9656	758.982	0.00131755	219.946	229.164	0.920409	0.933950	3.27620	381.810	0.125152	undefined	undefined	liquid
300.000	70.0008	759.067	0.00131741	219.928	229.150	0.920346	0.933909	3.27433	381.938	0.125046	undefined	undefined	liquid
300.000	70.0360	759.151	0.00131726	219.910	229.135	0.920282	0.933868	3.27247	382.066	0.124940	undefined	undefined	liquid
300.000	70.0712	759.236	0.00131711	219.892	229.121	0.920219	0.933828	3.27061	382.194	0.124834	undefined	undefined	liquid
300.000	70.1065	759.320	0.00131697	219.874	229.107	0.920156	0.933788	3.26875	382.322	0.124729	undefined	undefined	liquid
300.000	70.1417	759.404	0.00131682	219.856	229.092	0.920092	0.933747	3.26690	382.449	0.124623	undefined	undefined	liquid
300.000	70.1769	759.488	0.00131668	219.838	229.078	0.920029	0.933707	3.26506	382.577	0.124518	undefined	undefined	liquid
300.000	70.2121	759.572	0.00131653	219.820	229.064	0.919966	0.933667	3.26321	382.704	0.124413	undefined	undefined	liquid
300.000	70.2473	759.656	0.00131638	219.802	229.049	0.919903	0.933627	3.26138	382.831	0.124308	undefined	undefined	liquid
300.000	70.2825	759.740	0.00131624	219.784	229.035	0.919840	0.933587	3.25955	382.958	0.124204	undefined	undefined	liquid
300.000	70.3177	759.824	0.00131609	219.766	229.021	0.919777	0.933547	3.25772	383.085	0.124099	undefined	undefined	liquid
300.000	70.3529	759.908	0.00131595	219.749	229.007	0.919714	0.933507	3.25590	383.212	0.123995	undefined	undefined	liquid
300.000	70.3881	759.991	0.00131580	219.731	228.992	0.919651	0.933467	3.25408	383.338	0.123891	undefined	undefined	liquid
300.000	70.4233	760.075	0.00131566	219.713	228.978	0.919589	0.933427	3.25227	383.465	0.123787	undefined	undefined	liquid
300.000	70.4585	760.158	0.00131552	219.695	228.964	0.919526	0.933388	3.25047	383.591	0.123684	undefined	undefined	liquid
300.000	70.4937	760.241	0.00131537	219.677	228.950	0.919463	0.933348	3.24867	383.717	0.123580	undefined	undefined	liquid
300.000	70.5290	760.325	0.00131523	219.660	228.936	0.919401	0.933309	3.24687	383.844	0.123477	undefined	undefined	liquid
300.000	70.5642	760.408	0.00131508	219.642	228.922	0.919338	0.933270	3.24508	383.969	0.123374	undefined	undefined	liquid
300.000	70.5994	760.491	0.00131494	219.624	228.908	0.919276	0.933230	3.24329	384.095	0.123271	undefined	undefined	liquid
300.000	70.6346	760.574	0.00131480	219.607	228.894	0.919214	0.933191	3.24151	384.221	0.123168	undefined	undefined	liquid
300.000	70.6698	760.656	0.00131465	219.589	228.880	0.919151	0.933152	3.23973	384.347	0.123066	undefined	undefined	liquid
300.000	70.7050	760.739	0.00131451	219.571	228.865	0.919089	0.933113	3.23795	384.472	0.122963	undefined	undefined	liquid
300.000	70.7402	760.822	0.00131437	219.554	228.851	0.919027	0.933074	3.23619	384.597	0.122861	undefined	undefined	liquid
300.000	70.7754	760.904	0.00131423	219.536	228.837	0.918965	0.933035	3.23442	384.722	0.122759	undefined	undefined	liquid
300.000	70.8106	760.987	0.00131408	219.518	228.824	0.918903	0.932997	3.23266	384.847	0.122658	undefined	undefined	liquid
300.000	70.8458	761.069	0.00131394	219.501	228.810	0.918841	0.932958	3.23091	384.972	0.122556	undefined	undefined	liquid
300.000	70.8810	761.151	0.00131380	219.483	228.796	0.918779	0.932919	3.22916	385.097	0.122455	undefined	undefined	liquid
300.000	70.9162	761.233	0.00131366	219.466	228.782	0.918718	0.932881	3.22741	385.222	0.122354	undefined	undefined	liquid
300.000	70.9515	761.315	0.00131352	219.448	228.768	0.918656	0.932842	3.22567	385.346	0.122253	undefined	undefined	liquid
300.000	70.9867	761.397	0.00131337	219.431	228.754	0.918594	0.932804	3.22393	385.471	0.122152	undefined	undefined	liquid
300.000	71.0219	761.479	0.00131323	219.413	228.740	0.918533	0.932766	3.22220	385.595	0.122051	undefined	undefined	liquid
300.000	71.0571	761.561	0.00131309	219.396	228.726	0.918471	0.932728	3.22047	385.719	0.121951	undefined	undefined	liquid
300.000	71.0923	761.643	0.00131295	219.378	228.712	0.918410	0.932689	3.21875	385.843	0.121850	undefined	undefined	liquid
300.000	71.1275	761.724	0.00131281	219.361	228.699	0.918348	0.932651	3.21703	385.967	0.121750	undefined	undefined	liquid
300.000	71.1627	761.806	0.00131267	219.344	228.685	0.918287	0.932614	3.21532	386.091	0.121650	undefined	undefined	liquid
300.000	71.1979	761.887	0.00131253	219.326	228.671	0.918226	0.932576	3.21361	386.215	0.121551	undefined	undefined	liquid
300.000	71.2331	761.968	0.00131239	219.309	228.657	0.918164	0.932538	3.21190	386.338	0.121451	undefined	undefined	liquid
300.000	71.2683	762.049	0.00131225	219.291	228.644	0.918103	0.932500	3.21020	386.462	0.121352	undefined	undefined	liquid
300.000	71.3035	762.131	0.00131211	219.274	228.630	0.918042	0.932462	3.20851	386.585	0.121252	undefined	undefined	liquid
300.000	71.3387	762.212	0.00131197	219.257	228.616	0.917981	0.932425	3.20681	386.708	0.121153	undefined	undefined	liquid
300.000	71.3740	762.292	0.00131183	219.239	228.603	0.917920	0.932387	3.20512	386.831	0.121055	undefined	undefined	liquid
300.000	71.4092	762.373	0.00131169	219.222	228.589	0.917859	0.932350	3.20344	386.954	0.120956	undefined	undefined	liquid
300.000	71.4444	762.454	0.00131155	219.205	228.575	0.917798	0.932313	3.20176	387.077	0.120857	undefined	undefined	liquid
300.000	71.4796	762.535	0.00131142	219.188	228.562	0.917738	0.932275	3.20009	387.200	0.120759	undefined	undefined	liquid
300.000	71.5148	762.615	0.00131128	219.170	228.548	0.917677	0.932238	3.19842	387.322	0.120661	undefined	undefined	liquid
300.000	71.5500	762.696	0.00131114	219.153	228.534	0.917616	0.932201	3.19675	387.445	0.120563	undefined	undefined	liquid
300.000	71.5852	762.776	0.00131100	219.136	228.521	0.917556	0.932164	3.19509	387.567	0.120465	undefined	undefined	liquid
300.000	71.6204	762.856	0.00131086	219.119	228.507	0.917495	0.932127	3.19343	387.689	0.120367	undefined	undefined	liquid
300.000	71.6556	762.937	0.00131072	219.102	228.494	0.917435	0.932090	3.19177	387.811	0.120270	undefined	undefined	liquid
300.000	71.6908	763.017	0.00131059	219.085	228.480	0.917374	0.932053	3.19012	387.933	0.120173	undefined	undefined	liquid
300.000	71.7260	763.097	0.00131045	219.068	228.467	0.917314	0.932017	3.18848	388.055	0.120076	undefined	undefined	liquid
300.000	71.7612	763.177	0.00131031	219.050	228.453	0.917254	0.931980	3.18684	388.177	0.119979	undefined	undefined	liquid
300.000	71.7965	763.257	0.00131018	219.033	228.440	0.917193	0.931943	3.18520	388.298	0.119882	undefined	undefined	liquid
300.000	71.8317	763.336	0.00131004	219.016	228.426	0.917133	0.931907	3.18356	388.420	0.119785	undefined	undefined	liquid
300.000	71.8669	763.416	0.00130990	218.999	228.413	0.917073	0.931870	3.18193	388.541	0.119689	undefined	undefined	liquid
300.000	71.9021	763.496	0.00130977	218.982	228.400	0.917013	0.931834	3.18031	388.663	0.119592	undefined	undefined	liquid
300.000	71.9373	763.575	0.00130963	218.965	228.386	0.916953	0.931798	3.17869	388.784	0.119496	undefined	undefined	liquid
300.000	71.9725	763.655	0.00130949	218.948	228.373	0.916893	0.931762	3.17707	388.905	0.119400	undefined	undefined	liquid
300.000	72.0077	763.734	0.00130936	218.931	228.360	0.916833	0.931725	3.17546	389.026	0.119305	undefined	undefined	liquid
300.000	72.0429	763.813	0.00130922	218.914	228.346	0.916774	0.931689	3.17385	389.146	0.119209	undefined	undefined	liquid
300.000	72.0781	763.892	0.00130909	218.897	228.333	0.916714	0.931653	3.17224	389.267	0.119114	undefined	undefined	liquid
300.000	72.1133	763.971	0.00130895	218.880	228.320	0.916654	0.931617	3.17064	389.388	0.119018	undefined	undefined	liquid
300.000	72.1485	764.050	0.00130881	218.863	228.306	0.916594	0.931581	3.16904	389.508	0.118923	undefined	undefined	liquid
300.000	72.1837	764.129	0.00130868	218.847	228.293	0.916535	0.931546	3.16745	389.628	0.118828	undefined	undefined	liquid
300.000	72.2190	764.208	0.00130854	218.830	228.280	0.916475	0.931510	3.16586	389.749	0.118733	undefined	undefined	liquid
300.000	72.2542	764.287	0.00130841	218.813	228.267	0.916416	0.931474	3.16427	389.869	0.118639	undefined	undefined	liquid
300.000	72.2894	764.365	0.00130827	218.796	228.253	0.916357	0.931439	3.16269	389.989	0.118544	undefined	undefined	liquid
300.000	72.3246	764.444	0.00130814	218.779	228.240	0.916297	0.931403	3.16111	390.109	0.118450	undefined	undefined	liquid
300.000	72.3598	764.523	0.00130801	218.762	228.227	0.916238	0.931368	3.15954	390.228	0.118356	undefined	undefined	liquid
300.000	72.3950	764.601	0.00130787	218.746	228.214	0.916179	0.931332	3.15797	390.348	0.118262	undefined	undefined	liquid
300.000	72.4302	764.679	0.00130774	218.729	228.201	0.916120	0.931297	3.15640	390.468	0.118168	undefined	undefined	liquid
300.000	72.4654	764.757	0.00130760	218.712	228.188	0.916061	0.931262	3.15484	390.587	0.118074	undefined	undefined	liquid
300.000	72.5006	764.836	0.00130747	218.695	228.175	0.916002	0.931227	3.15328	390.706	0.117981	undefined	undefined	liquid
300.000	72.5358	764.914	0.00130734	218.679	228.161	0.915943	0.931192	3.15172	390.825	0.117888	undefined	undefined	liquid
300.000	72.5710	764.992	0.00130720	218.662	228.148	0.915884	0.931157	3.15017	390.945	0.117794	undefined	undefined	liquid
300.000	72.6062	765.069	0.00130707	218.645	228.135	0.915825	0.931122	3.14862	391.064	0.117701	undefined	undefined	liquid
300.000	72.6415	765.147	0.00130694	218.628	228.122	0.915766	0.931087	3.14708	391.182	0.117609	undefined	undefined	liquid
300.000	72.6767	765.225	0.00130681	218.612	228.109	0.915707	0.931052	3.14554	391.301	0.117516	undefined	undefined	liquid
300.000	72.7119	765.303	0.00130667	218.595	228.096	0.915649	0.931017	3.14400	391.420	0.117423	undefined	undefined	liquid
300.000	72.7471	765.380	0.00130654	218.579	228.083	0.915590	0.930983	3.14247	391.538	0.117331	undefined	undefined	liquid
300.000	72.7823	765.458	0.00130641	218.562	228.070	0.915531	0.930948	3.14094	391.657	0.117239	undefined	undefined	liquid
300.000	72.8175	765.535	0.00130628	218.545	228.057	0.915473	0.930913	3.13941	391.775	0.117147	undefined	undefined	liquid
300.000	72.8527	765.612	0.00130614	218.529	228.044	0.915414	0.930879	3.13789	391.893	0.117055	undefined	undefined	liquid
300.000	72.8879	765.690	0.00130601	218.512	228.031	0.915356	0.930845	3.13637	392.011	0.116963	undefined	undefined	liquid
300.000	72.9231	765.767	0.00130588	218.496	228.019	0.915298	0.930810	3.13486	392.129	0.116871	undefined	undefined	liquid
300.000	72.9583	765.844	0.00130575	218.479	228.006	0.915239	0.930776	3.13335	392.247	0.116780	undefined	undefined	liquid
300.000	72.9935	765.921	0.00130562	218.463	227.993	0.915181	0.930742	3.13184	392.365	0.116688	undefined	undefined	liquid
300.000	73.0287	765.998	0.00130549	218.446	227.980	0.915123	0.930708	3.13033	392.483	0.116597	undefined	undefined	liquid
300.000	73.0640	766.075	0.00130536	218.430	227.967	0.915065	0.930674	3.12883	392.600	0.116506	undefined	undefined	liquid
300.000	73.0992	766.151	0.00130523	218.413	227.954	0.915007	0.930640	3.12734	392.717	0.116415	undefined	undefined	liquid
300.000	73.1344	766.228	0.00130509	218.397	227.941	0.914949	0.930606	3.12584	392.835	0.116325	undefined	undefined	liquid
300.000	73.1696	766.305	0.00130496	218.380	227.929	0.914891	0.930572	3.12435	392.952	0.116234	undefined	undefined	liquid
300.000	73.2048	766.381	0.00130483	218.364	227.916	0.914833	0.930538	3.12287	393.069	0.116144	undefined	undefined	liquid
300.000	73.2400	766.458	0.00130470	218.347	227.903	0.914775	0.930504	3.12138	393.186	0.116053	undefined	undefined	liquid
300.000	73.2752	766.534	0.00130457	218.331	227.890	0.914717	0.930470	3.11990	393.303	0.115963	undefined	undefined	liquid
300.000	73.3104	766.610	0.00130444	218.315	227.878	0.914659	0.930437	3.11843	393.420	0.115873	undefined	undefined	liquid
300.000	73.3456	766.686	0.00130431	218.298	227.865	0.914602	0.930403	3.11695	393.536	0.115783	undefined	undefined	liquid
300.000	73.3808	766.763	0.00130418	218.282	227.852	0.914544	0.930370	3.11548	393.653	0.115694	undefined	undefined	liquid
300.000	73.4160	766.839	0.00130406	218.266	227.840	0.914486	0.930336	3.11402	393.770	0.115604	undefined	undefined	liquid
300.000	73.4512	766.915	0.00130393	218.249	227.827	0.914429	0.930303	3.11255	393.886	0.115515	undefined	undefined	liquid
300.000	73.4865	766.990	0.00130380	218.233	227.814	0.914371	0.930270	3.11110	394.002	0.115426	undefined	undefined	liquid
300.000	73.5217	767.066	0.00130367	218.217	227.802	0.914314	0.930237	3.10964	394.118	0.115337	undefined	undefined	liquid
300.000	73.5569	767.142	0.00130354	218.201	227.789	0.914257	0.930203	3.10819	394.234	0.115248	undefined	undefined	liquid
300.000	73.5921	767.218	0.00130341	218.184	227.776	0.914199	0.930170	3.10674	394.350	0.115159	undefined	undefined	liquid
300.000	73.6273	767.293	0.00130328	218.168	227.764	0.914142	0.930137	3.10529	394.466	0.115070	undefined	undefined	liquid
300.000	73.6625	767.369	0.00130315	218.152	227.751	0.914085	0.930104	3.10385	394.582	0.114982	undefined	undefined	liquid
300.000	73.6977	767.444	0.00130303	218.136	227.739	0.914028	0.930071	3.10241	394.697	0.114893	undefined	undefined	liquid
300.000	73.7329	767.520	0.00130290	218.119	227.726	0.913971	0.930038	3.10097	394.813	0.114805	undefined	undefined	liquid
300.000	73.7681	767.595	0.00130277	218.103	227.714	0.913914	0.930006	3.09954	394.928	0.114717	undefined	undefined	liquid
300.000	73.8033	767.670	0.00130264	218.087	227.701	0.913857	0.929973	3.09811	395.044	0.114629	undefined	undefined	liquid
300.000	73.8385	767.745	0.00130252	218.071	227.689	0.913800	0.929940	3.09669	395.159	0.114541	undefined	undefined	liquid
300.000	73.8737	767.820	0.00130239	218.055	227.676	0.913743	0.929908	3.09526	395.274	0.114454	undefined	undefined	liquid
300.000	73.9090	767.895	0.00130226	218.039	227.664	0.913686	0.929875	3.09384	395.389	0.114366	undefined	undefined	liquid
300.000	73.9442	767.970	0.00130213	218.023	227.651	0.913629	0.929843	3.09243	395.504	0.114279	undefined	undefined	liquid
300.000	73.9794	768.045	0.00130201	218.007	227.639	0.913572	0.929810	3.09101	395.619	0.114191	undefined	undefined	liquid
300.000	74.0146	768.120	0.00130188	217.991	227.626	0.913516	0.929778	3.08960	395.734	0.114104	undefined	undefined	liquid
300.000	74.0498	768.194	0.00130175	217.974	227.614	0.913459	0.929746	3.08820	395.848	0.114017	undefined	undefined	liquid
300.000	74.0850	768.269	0.00130163	217.958	227.602	0.913403	0.929713	3.08679	395.963	0.113931	undefined	undefined	liquid
300.000	74.1202	768.343	0.00130150	217.942	227.589	0.913346	0.929681	3.08539	396.077	0.113844	undefined	undefined	liquid
300.000	74.1554	768.418	0.00130138	217.926	227.577	0.913290	0.929649	3.08400	396.191	0.113757	undefined	undefined	liquid
300.000	74.1906	768.492	0.00130125	217.910	227.564	0.913233	0.929617	3.08260	396.306	0.113671	undefined	undefined	liquid
300.000	74.2258	768.567	0.00130112	217.894	227.552	0.913177	0.929585	3.08121	396.420	0.113585	undefined	undefined	liquid
300.000	74.2610	768.641	0.00130100	217.878	227.540	0.913120	0.929553	3.07982	396.534	0.113499	undefined	undefined	liquid
300.000	74.2962	768.715	0.00130087	217.863	227.528	0.913064	0.929521	3.07844	396.648	0.113413	undefined	undefined	liquid
300.000	74.3315	768.789	0.00130075	217.847	227.515	0.913008	0.929489	3.07706	396.761	0.113327	undefined	undefined	liquid
300.000	74.3667	768.863	0.00130062	217.831	227.503	0.912952	0.929458	3.07568	396.875	0.113241	undefined	undefined	liquid
300.000	74.4019	768.937	0.00130050	217.815	227.491	0.912896	0.929426	3.07430	396.989	0.113156	undefined	undefined	liquid
300.000	74.4371	769.011	0.00130037	217.799	227.478	0.912840	0.929394	3.07293	397.102	0.113070	undefined	undefined	liquid
300.000	74.4723	769.085	0.00130025	217.783	227.466	0.912784	0.929363	3.07156	397.216	0.112985	undefined	undefined	liquid
300.000	74.5075	769.158	0.00130012	217.767	227.454	0.912728	0.929331	3.07019	397.329	0.112900	undefined	undefined	liquid
300.000	74.5427	769.232	0.00130000	217.751	227.442	0.912672	0.929300	3.06883	397.442	0.112815	undefined	undefined	liquid
300.000	74.5779	769.305	0.00129987	217.735	227.430	0.912616	0.929268	3.06747	397.555	0.112730	undefined	undefined	liquid
300.000	74.6131	769.379	0.00129975	217.720	227.417	0.912560	0.929237	3.06611	397.668	0.112645	undefined	undefined	liquid
300.000	74.6483	769.452	0.00129963	217.704	227.405	0.912504	0.929206	3.06476	397.781	0.112560	undefined	undefined	liquid
300.000	74.6835	769.526	0.00129950	217.688	227.393	0.912449	0.929174	3.06341	397.894	0.112476	undefined	undefined	liquid
300.000	74.7187	769.599	0.00129938	217.672	227.381	0.912393	0.929143	3.06206	398.007	0.112391	undefined	undefined	liquid
300.000	74.7540	769.672	0.00129925	217.657	227.369	0.912337	0.929112	3.06071	398.119	0.112307	undefined	undefined	liquid
300.000	74.7892	769.745	0.00129913	217.641	227.357	0.912282	0.929081	3.05937	398.232	0.112223	undefined	undefined	liquid
300.000	74.8244	769.818	0.00129901	217.625	227.345	0.912226	0.929050	3.05803	398.344	0.112139	undefined	undefined	liquid
300.000	74.8596	769.891	0.00129888	217.609	227.333	0.912171	0.929019	3.05669	398.457	0.112055	undefined	undefined	liquid
300.000	74.8948	769.964	0.00129876	217.594	227.321	0.912115	0.928988	3.05536	398.569	0.111972	undefined	undefined	liquid
300.000	74.9300	770.037	0.00129864	217.578	227.309	0.912060	0.928957	3.05403	398.681	0.111888	undefined	undefined	liquid
300.000	74.9652	770.110	0.00129852	217.562	227.297	0.912005	0.928927	3.05270	398.793	0.111804	undefined	undefined	liquid
300.000	75.0004	770.183	0.00129839	217.547	227.285	0.911949	0.928896	3.05137	398.905	0.111721	undefined	undefined	liquid
300.000	75.0356	770.255	0.00129827	217.531	227.273	0.911894	0.928865	3.05005	399.017	0.111638	undefined	undefined	liquid
300.000	75.0708	770.328	0.00129815	217.515	227.261	0.911839	0.928835	3.04873	399.129	0.111555	undefined	undefined	liquid
300.000	75.1060	770.401	0.00129803	217.500	227.249	0.911784	0.928804	3.04742	399.240	0.111472	undefined	undefined	liquid
300.000	75.1412	770.473	0.00129790	217.484	227.237	0.911729	0.928774	3.04610	399.352	0.111389	undefined	undefined	liquid
300.000	75.1765	770.545	0.00129778	217.468	227.225	0.911674	0.928743	3.04479	399.463	0.111306	undefined	undefined	liquid
300.000	75.2117	770.618	0.00129766	217.453	227.213	0.911619	0.928713	3.04348	399.575	0.111224	undefined	undefined	liquid
300.000	75.2469	770.690	0.00129754	217.437	227.201	0.911564	0.928683	3.04218	399.686	0.111141	undefined	undefined	liquid
300.000	75.2821	770.762	0.00129742	217.422	227.189	0.911509	0.928652	3.04088	399.797	0.111059	undefined	undefined	liquid
300.000	75.3173	770.834	0.00129730	217.406	227.177	0.911454	0.928622	3.03958	399.908	0.110977	undefined	undefined	liquid
300.000	75.3525	770.906	0.00129717	217.391	227.165	0.911399	0.928592	3.03828	400.019	0.110895	undefined	undefined	liquid
300.000	75.3877	770.978	0.00129705	217.375	227.153	0.911345	0.928562	3.03699	400.130	0.110813	undefined	undefined	liquid
300.000	75.4229	771.050	0.00129693	217.360	227.142	0.911290	0.928532	3.03569	400.241	0.110731	undefined	undefined	liquid
300.000	75.4581	771.122	0.00129681	217.344	227.130	0.911235	0.928502	3.03441	400.352	0.110650	undefined	undefined	liquid
300.000	75.4933	771.194	0.00129669	217.329	227.118	0.911181	0.928472	3.03312	400.462	0.110568	undefined	undefined	liquid
300.000	75.5285	771.265	0.00129657	217.313	227.106	0.911126	0.928442	3.03184	400.573	0.110487	undefined	undefined	liquid
300.000	75.5637	771.337	0.00129645	217.298	227.094	0.911072	0.928412	3.03056	400.683	0.110405	undefined	undefined	liquid
300.000	75.5990	771.408	0.00129633	217.282	227.083	0.911017	0.928382	3.02928	400.794	0.110324	undefined	undefined	liquid
300.000	75.6342	771.480	0.00129621	217.267	227.071	0.910963	0.928353	3.02800	400.904	0.110243	undefined	undefined	liquid
300.000	75.6694	771.551	0.00129609	217.252	227.059	0.910908	0.928323	3.02673	401.014	0.110162	undefined	undefined	liquid
300.000	75.7046	771.623	0.00129597	217.236	227.047	0.910854	0.928293	3.02546	401.124	0.110081	undefined	undefined	liquid
300.000	75.7398	771.694	0.00129585	217.221	227.036	0.910800	0.928264	3.02419	401.234	0.110001	undefined	undefined	liquid
300.000	75.7750	771.765	0.00129573	217.205	227.024	0.910745	0.928234	3.02293	401.344	0.109920	undefined	undefined	liquid
300.000	75.8102	771.836	0.00129561	217.190	227.012	0.910691	0.928205	3.02167	401.454	0.109840	undefined	undefined	liquid
300.000	75.8454	771.907	0.00129549	217.175	227.001	0.910637	0.928175	3.02041	401.564	0.109759	undefined	undefined	liquid
300.000	75.8806	771.978	0.00129537	217.159	226.989	0.910583	0.928146	3.01915	401.673	0.109679	undefined	undefined	liquid
300.000	75.9158	772.049	0.00129525	217.144	226.977	0.910529	0.928117	3.01790	401.783	0.109599	undefined	undefined	liquid
300.000	75.9510	772.120	0.00129514	217.129	226.966	0.910475	0.928087	3.01665	401.892	0.109519	undefined	undefined	liquid
300.000	75.9862	772.191	0.00129502	217.114	226.954	0.910421	0.928058	3.01540	402.002	0.109439	undefined	undefined	liquid
300.000	76.0215	772.262	0.00129490	217.098	226.942	0.910367	0.928029	3.01415	402.111	0.109359	undefined	undefined	liquid
300.000	76.0567	772.333	0.00129478	217.083	226.931	0.910313	0.928000	3.01291	402.220	0.109280	undefined	undefined	liquid
300.000	76.0919	772.403	0.00129466	217.068	226.919	0.910260	0.927971	3.01167	402.329	0.109200	undefined	undefined	liquid
300.000	76.1271	772.474	0.00129454	217.053	226.908	0.910206	0.927942	3.01043	402.438	0.109121	undefined	undefined	liquid
300.000	76.1623	772.544	0.00129442	217.037	226.896	0.910152	0.927913	3.00920	402.547	0.109042	undefined	undefined	liquid
300.000	76.1975	772.615	0.00129431	217.022	226.884	0.910098	0.927884	3.00796	402.656	0.108963	undefined	undefined	liquid
300.000	76.2327	772.685	0.00129419	217.007	226.873	0.910045	0.927855	3.00673	402.765	0.108884	undefined	undefined	liquid
300.000	76.2679	772.755	0.00129407	216.992	226.861	0.909991	0.927826	3.00550	402.873	0.108805	undefined	undefined	liquid
300.000	76.3031	772.826	0.00129395	216.977	226.850	0.909938	0.927798	3.00428	402.982	0.108726	undefined	undefined	liquid
300.000	76.3383	772.896	0.00129384	216.961	226.838	0.909884	0.927769	3.00306	403.090	0.108647	undefined	undefined	liquid
300.000	76.3735	772.966	0.00129372	216.946	226.827	0.909831	0.927740	3.00184	403.199	0.108569	undefined	undefined	liquid
300.000	76.4087	773.036	0.00129360	216.931	226.815	0.909777	0.927712	3.00062	403.307	0.108490	undefined	undefined	liquid
300.000	76.4440	773.106	0.00129348	216.916	226.804	0.909724	0.927683	2.99940	403.415	0.108412	undefined	undefined	liquid
300.000	76.4792	773.176	0.00129337	216.901	226.793	0.909671	0.927655	2.99819	403.523	0.108334	undefined	undefined	liquid
300.000	76.5144	773.246	0.00129325	216.886	226.781	0.909617	0.927626	2.99698	403.631	0.108256	undefined	undefined	liquid
300.000	76.5496	773.315	0.00129313	216.871	226.770	0.909564	0.927598	2.99577	403.739	0.108178	undefined	undefined	liquid
300.000	76.5848	773.385	0.00129302	216.856	226.758	0.909511	0.927570	2.99457	403.847	0.108100	undefined	undefined	liquid
300.000	76.6200	773.455	0.00129290	216.841	226.747	0.909458	0.927541	2.99336	403.955	0.108022	undefined	undefined	liquid
300.000	76.6552	773.524	0.00129278	216.826	226.736	0.909405	0.927513	2.99216	404.063	0.107944	undefined	undefined	liquid
300.000	76.6904	773.594	0.00129267	216.811	226.724	0.909352	0.927485	2.99096	404.170	0.107867	undefined	undefined	liquid
300.000	76.7256	773.663	0.00129255	216.796	226.713	0.909299	0.927457	2.98977	404.278	0.107789	undefined	undefined	liquid
300.000	76.7608	773.733	0.00129244	216.781	226.701	0.909246	0.927429	2.98857	404.385	0.107712	undefined	undefined	liquid
300.000	76.7960	773.802	0.00129232	216.766	226.690	0.909193	0.927401	2.98738	404.493	0.107635	undefined	undefined	liquid
300.000	76.8312	773.871	0.00129220	216.751	226.679	0.909140	0.927373	2.98620	404.600	0.107558	undefined	undefined	liquid
300.000	76.8665	773.941	0.00129209	216.736	226.668	0.909087	0.927345	2.98501	404.707	0.107481	undefined	undefined	liquid
300.000	76.9017	774.010	0.00129197	216.721	226.656	0.909034	0.927317	2.98383	404.814	0.107404	undefined	undefined	liquid
300.000	76.9369	774.079	0.00129186	216.706	226.645	0.908981	0.927289	2.98264	404.921	0.107327	undefined	undefined	liquid
300.000	76.9721	774.148	0.00129174	216.691	226.634	0.908929	0.927261	2.98147	405.028	0.107251	undefined	undefined	liquid
300.000	77.0073	774.217	0.00129163	216.676	226.622	0.908876	0.927234	2.98029	405.135	0.107174	undefined	undefined	liquid
300.000	77.0425	774.286	0.00129151	216.661	226.611	0.908823	0.927206	2.97911	405.242	0.107098	undefined	undefined	liquid
300.000	77.0777	774.355	0.00129140	216.646	226.600	0.908771	0.927178	2.97794	405.348	0.107022	undefined	undefined	liquid
300.000	77.1129	774.424	0.00129128	216.631	226.589	0.908718	0.927151	2.97677	405.455	0.106945	undefined	undefined	liquid
300.000	77.1481	774.492	0.00129117	216.616	226.578	0.908666	0.927123	2.97561	405.561	0.106869	undefined	undefined	liquid
300.000	77.1833	774.561	0.00129105	216.602	226.566	0.908613	0.927096	2.97444	405.668	0.106793	undefined	undefined	liquid
300.000	77.2185	774.630	0.00129094	216.587	226.555	0.908561	0.927068	2.97328	405.774	0.106718	undefined	undefined	liquid
300.000	77.2537	774.698	0.00129083	216.572	226.544	0.908509	0.927041	2.97212	405.880	0.106642	undefined	undefined	liquid
300.000	77.2890	774.767	0.00129071	216.557	226.533	0.908456	0.927013	2.97096	405.987	0.106566	undefined	undefined	liquid
300.000	77.3242	774.835	0.00129060	216.542	226.522	0.908404	0.926986	2.96981	406.093	0.106491	undefined	undefined	liquid
300.000	77.3594	774.903	0.00129048	216.528	226.511	0.908352	0.926959	2.96865	406.199	0.106415	undefined	undefined	liquid
300.000	77.3946	774.972	0.00129037	216.513	226.499	0.908299	0.926932	2.96750	406.305	0.106340	undefined	undefined	liquid
300.000	77.4298	775.040	0.00129026	216.498	226.488	0.908247	0.926904	2.96635	406.410	0.106265	undefined	undefined	liquid
300.000	77.4650	775.108	0.00129014	216.483	226.477	0.908195	0.926877	2.96521	406.516	0.106190	undefined	undefined	liquid
300.000	77.5002	775.176	0.00129003	216.468	226.466	0.908143	0.926850	2.96406	406.622	0.106115	undefined	undefined	liquid
300.000	77.5354	775.244	0.00128992	216.454	226.455	0.908091	0.926823	2.96292	406.727	0.106040	undefined	undefined	liquid
300.000	77.5706	775.312	0.00128980	216.439	226.444	0.908039	0.926796	2.96178	406.833	0.105965	undefined	undefined	liquid
300.000	77.6058	775.380	0.00128969	216.424	226.433	0.907987	0.926769	2.96064	406.938	0.105890	undefined	undefined	liquid
300.000	77.6410	775.448	0.00128958	216.410	226.422	0.907935	0.926742	2.95951	407.044	0.105816	undefined	undefined	liquid
300.000	77.6762	775.516	0.00128946	216.395	226.411	0.907883	0.926715	2.95837	407.149	0.105741	undefined	undefined	liquid
300.000	77.7115	775.584	0.00128935	216.380	226.400	0.907832	0.926689	2.95724	407.254	0.105667	undefined	undefined	liquid
300.000	77.7467	775.651	0.00128924	216.366	226.389	0.907780	0.926662	2.95611	407.359	0.105593	undefined	undefined	liquid
300.000	77.7819	775.719	0.00128913	216.351	226.378	0.907728	0.926635	2.95499	407.464	0.105519	undefined	undefined	liquid
300.000	77.8171	775.787	0.00128901	216.336	226.367	0.907676	0.926608	2.95386	407.569	0.105445	undefined	undefined	liquid
300.000	77.8523	775.854	0.00128890	216.322	226.356	0.907625	0.926582	2.95274	407.674	0.105371	undefined	undefined	liquid
300.000	77.8875	775.922	0.00128879	216.307	226.345	0.907573	0.926555	2.95162	407.779	0.105297	undefined	undefined	liquid
300.000	77.9227	775.989	0.00128868	216.292	226.334	0.907521	0.926529	2.95050	407.884	0.105223	undefined	undefined	liquid
300.000	77.9579	776.057	0.00128857	216.278	226.323	0.907470	0.926502	2.94939	407.988	0.105149	undefined	undefined	liquid
300.000	77.9931	776.124	0.00128845	216.263	226.312	0.907418	0.926476	2.94827	408.093	0.105076	undefined	undefined	liquid
300.000	78.0283	776.191	0.00128834	216.249	226.301	0.907367	0.926449	2.94716	408.197	0.105003	undefined	undefined	liquid
300.000	78.0635	776.258	0.00128823	216.234	226.291	0.907316	0.926423	2.94605	408.302	0.104929	undefined	undefined	liquid
300.000	78.0987	776.325	0.00128812	216.220	226.280	0.907264	0.926397	2.94495	408.406	0.104856	undefined	undefined	liquid
300.000	78.1340	776.392	0.00128801	216.205	226.269	0.907213	0.926371	2.94384	408.510	0.104783	undefined	undefined	liquid
300.000	78.1692	776.460	0.00128790	216.191	226.258	0.907161	0.926344	2.94274	408.614	0.104710	undefined	undefined	liquid
300.000	78.2044	776.526	0.00128779	216.176	226.247	0.907110	0.926318	2.94164	408.718	0.104637	undefined	undefined	liquid
300.000	78.2396	776.593	0.00128768	216.162	226.236	0.907059	0.926292	2.94054	408.822	0.104564	undefined	undefined	liquid
300.000	78.2748	776.660	0.00128756	216.147	226.225	0.907008	0.926266	2.93944	408.926	0.104492	undefined	undefined	liquid
300.000	78.3100	776.727	0.00128745	216.133	226.215	0.906957	0.926240	2.93835	409.030	0.104419	undefined	undefined	liquid
300.000	78.3452	776.794	0.00128734	216.118	226.204	0.906906	0.926214	2.93726	409.134	0.104346	undefined	undefined	liquid
300.000	78.3804	776.860	0.00128723	216.104	226.193	0.906855	0.926188	2.93617	409.238	0.104274	undefined	undefined	liquid
300.000	78.4156	776.927	0.00128712	216.089	226.182	0.906804	0.926162	2.93508	409.341	0.104202	undefined	undefined	liquid
300.000	78.4508	776.994	0.00128701	216.075	226.172	0.906753	0.926136	2.93399	409.445	0.104130	undefined	undefined	liquid
300.000	78.4860	777.060	0.00128690	216.060	226.161	0.906702	0.926110	2.93291	409.548	0.104057	undefined	undefined	liquid
300.000	78.5212	777.127	0.00128679	216.046	226.150	0.906651	0.926085	2.93183	409.651	0.103985	undefined	undefined	liquid
300.000	78.5565	777.193	0.00128668	216.032	226.139	0.906600	0.926059	2.93075	409.755	0.103914	undefined	undefined	liquid
300.000	78.5917	777.259	0.00128657	216.017	226.129	0.906549	0.926033	2.92967	409.858	0.103842	undefined	undefined	liquid
300.000	78.6269	777.326	0.00128646	216.003	226.118	0.906498	0.926007	2.92859	409.961	0.103770	undefined	undefined	liquid
300.000	78.6621	777.392	0.00128635	215.988	226.107	0.906447	0.925982	2.92752	410.064	0.103698	undefined	undefined	liquid
300.000	78.6973	777.458	0.00128624	215.974	226.097	0.906397	0.925956	2.92645	410.167	0.103627	undefined	undefined	liquid
300.000	78.7325	777.524	0.00128613	215.960	226.086	0.906346	0.925931	2.92538	410.270	0.103556	undefined	undefined	liquid
300.000	78.7677	777.590	0.00128602	215.945	226.075	0.906295	0.925905	2.92431	410.373	0.103484	undefined	undefined	liquid
300.000	78.8029	777.656	0.00128592	215.931	226.065	0.906245	0.925880	2.92324	410.476	0.103413	undefined	undefined	liquid
300.000	78.8381	777.722	0.00128581	215.917	226.054	0.906194	0.925854	2.92218	410.578	0.103342	undefined	undefined	liquid
300.000	78.8733	777.788	0.00128570	215.903	226.043	0.906144	0.925829	2.92112	410.681	0.103271	undefined	undefined	liquid
300.000	78.9085	777.854	0.00128559	215.888	226.033	0.906093	0.925804	2.92006	410.783	0.103200	undefined	undefined	liquid
300.000	78.9437	777.920	0.00128548	215.874	226.022	0.906043	0.925779	2.91900	410.886	0.103129	undefined	undefined	liquid
300.000	78.9790	777.985	0.00128537	215.860	226.011	0.905993	0.925753	2.91795	410.988	0.103058	undefined	undefined	liquid
300.000	79.0142	778.051	0.00128526	215.845	226.001	0.905942	0.925728	2.91689	411.091	0.102988	undefined	undefined	liquid
300.000	79.0494	778.117	0.00128515	215.831	225.990	0.905892	0.925703	2.91584	411.193	0.102917	undefined	undefined	liquid
300.000	79.0846	778.182	0.00128505	215.817	225.980	0.905842	0.925678	2.91479	411.295	0.102847	undefined	undefined	liquid
300.000	79.1198	778.248	0.00128494	215.803	225.969	0.905791	0.925653	2.91374	411.397	0.102777	undefined	undefined	liquid
300.000	79.1550	778.313	0.00128483	215.789	225.959	0.905741	0.925628	2.91270	411.499	0.102706	undefined	undefined	liquid
300.000	79.1902	778.379	0.00128472	215.774	225.948	0.905691	0.925603	2.91165	411.601	0.102636	undefined	undefined	liquid
300.000	79.2254	778.444	0.00128461	215.760	225.938	0.905641	0.925578	2.91061	411.703	0.102566	undefined	undefined	liquid
300.000	79.2606	778.509	0.00128451	215.746	225.927	0.905591	0.925553	2.90957	411.805	0.102496	undefined	undefined	liquid
300.000	79.2958	778.574	0.00128440	215.732	225.917	0.905541	0.925528	2.90853	411.906	0.102426	undefined	undefined	liquid
300.000	79.3310	778.640	0.00128429	215.718	225.906	0.905491	0.925503	2.90750	412.008	0.102356	undefined	undefined	liquid
300.000	79.3662	778.705	0.00128418	215.704	225.896	0.905441	0.925479	2.90646	412.109	0.102287	undefined	undefined	liquid
300.000	79.4015	778.770	0.00128408	215.689	225.885	0.905391	0.925454	2.90543	412.211	0.102217	undefined	undefined	liquid
300.000	79.4367	778.835	0.00128397	215.675	225.875	0.905341	0.925429	2.90440	412.312	0.102148	undefined	undefined	liquid
300.000	79.4719	778.900	0.00128386	215.661	225.864	0.905291	0.925404	2.90337	412.414	0.102078	undefined	undefined	liquid
300.000	79.5071	778.965	0.00128376	215.647	225.854	0.905241	0.925380	2.90234	412.515	0.102009	undefined	undefined	liquid
300.000	79.5423	779.030	0.00128365	215.633	225.843	0.905191	0.925355	2.90132	412.616	0.101940	undefined	undefined	liquid
300.000	79.5775	779.094	0.00128354	215.619	225.833	0.905142	0.925331	2.90030	412.717	0.101871	undefined	undefined	liquid
300.000	79.6127	779.159	0.00128343	215.605	225.823	0.905092	0.925306	2.89927	412.818	0.101802	undefined	undefined	liquid
300.000	79.6479	779.224	0.00128333	215.591	225.812	0.905042	0.925282	2.89825	412.919	0.101733	undefined	undefined	liquid
300.000	79.6831	779.289	0.00128322	215.577	225.802	0.904993	0.925257	2.89724	413.020	0.101664	undefined	undefined	liquid
300.000	79.7183	779.353	0.00128312	215.563	225.792	0.904943	0.925233	2.89622	413.121	0.101595	undefined	undefined	liquid
300.000	79.7535	779.418	0.00128301	215.549	225.781	0.904893	0.925209	2.89521	413.222	0.101526	undefined	undefined	liquid
300.000	79.7887	779.482	0.00128290	215.535	225.771	0.904844	0.925184	2.89420	413.322	0.101458	undefined	undefined	liquid
300.000	79.8240	779.547	0.00128280	215.521	225.760	0.904794	0.925160	2.89319	413.423	0.101389	undefined	undefined	liquid
300.000	79.8592	779.611	0.00128269	215.507	225.750	0.904745	0.925136	2.89218	413.523	0.101321	undefined	undefined	liquid
300.000	79.8944	779.675	0.00128259	215.493	225.740	0.904695	0.925112	2.89117	413.624	0.101253	undefined	undefined	liquid
300.000	79.9296	779.740	0.00128248	215.479	225.730	0.904646	0.925088	2.89017	413.724	0.101184	undefined	undefined	liquid
300.000	79.9648	779.804	0.00128237	215.465	225.719	0.904597	0.925064	2.88916	413.825	0.101116	undefined	undefined	liquid
300.000	80.0000	779.868	0.00128227	215.451	225.709	0.904547	0.925039	2.88816	413.925	0.101048	undefined	undefined	liquid
