p1	p2	flow(m3/s)
30,420715	1,064981	0
30,414401	1,051473	0
30,418911	1,051473	0
30,40087	1,062279	0
30,429736	1,069483	0
30,411695	1,073085	0
30,42252	1,082991	0
30,42703	1,077588	0
30,437855	1,079389	0
30,434246	1,0983	0
30,417107	1,075787	0
30,419813	1,091996	0,1012338174
30,423422	1,079389	0,07696352291
30,413499	1,083891	0,04087269161
30,049064	1,406278	0,03221665802
21,06809	13,283245	0,033113435
21,309844	16,339612	0,03506338276
21,911522	18,372087	0,03483534518
21,833042	18,807939	0,03429129211
21,254818	18,353176	0,03376696958
20,619763	17,820068	0,03307588936
20,009966	17,291462	0,03253721262
19,38303	16,782668	0,03192967734
18,810217	16,286481	0,03128010055
18,230189	15,813708	0,03089635654
17,675418	15,344537	0,03038787547
17,153121	14,905983	0,03000364155
16,656083	14,45122	0,02944779244
16,165358	14,042384	0,02899669701
15,708913	13,617338	0,02838754688
15,254271	13,254428	0,02790277573
14,796924	12,874408	0,02740923233
14,392798	12,516001	0,02683586219
13,970631	12,189112	0,02628028369
13,571917	11,844213	0,02576870311
13,17591	11,533533	0,02554139544
12,811475	11,221053	0,02507868467
12,465082	10,931985	0,02459410528
12,139436	10,618604	0,02420549978
11,794846	10,359254	0,02348091487
11,476417	10,082794	0,02338919396
11,159791	9,818041	0,02293205036
10,890074	9,599215	0,02250821581
10,597804	9,341666	0,02214122105
10,317261	9,109332	0,02173870013
10,052054	8,883301	0,02129138044
9,781434	8,664474	0,02112271017
9,518933	8,443847	0,02100546915
9,263648	8,235827	0,02047205299
8,988517	8,000791	0,01985241631
8,704366	7,73964	0,01964718651
8,42202	7,518112	0,019126451
8,170343	7,306489	0,01875331864
7,927687	7,077757	0,01832061588
7,703975	6,89225	0,01794889948
7,482066	6,708544	0,0174967379
7,284514	6,532041	0,01723707529
7,087863	6,372649	0,01684195345
6,904744	6,221362	0,01661077922
6,735155	6,063771	0,01611178032
6,573685	5,932295	0,01593002348
6,404097	5,792714	0,01575653139
6,243529	5,669343	0,01516701333
6,097394	5,525259	0,01474944981
5,939533	5,394684	0,01457290982
5,801516	5,288422	0,0143834502
5,65899	5,185763	0,01413539847
5,530897	5,057889	0,01408776699
5,408215	4,945324	0,01344918852
5,289143	4,842665	0,01326791691
5,147518	4,727398	0,01254998109
5,03025	4,635545	0,01218696717
4,894038	4,531985	0,01231429326
4,775867	4,448237	0,01201091433
4,673933	4,355483	0,01196842272
4,571098	4,244719	0,01123858902
4,464654	4,162772	0,01119327636
4,340169	4,059212	0,01098999087
