21,06809	13,283245	0,2391086832
21,309844	16,339612	0,1921481671
21,911522	18,372087	0,1644224153
21,833042	18,807939	0,1517347273
21,254818	18,353176	0,1466251232
20,619763	17,820068	0,1418583734
20,009966	17,291462	0,137703806
19,38303	16,782668	0,1325517665
18,810217	16,286481	0,1286401816
18,230189	15,813708	0,1239210425
17,675418	15,344537	0,1198402421
17,153121	14,905983	0,1159162246
16,656083	14,45122	0,1131449105
16,165358	14,042384	0,1093761876
15,708913	13,617338	0,1070206461
15,254271	13,254428	0,1031220315
14,796924	12,874408	0,09958145863
14,392798	12,516001	0,09703737633
13,970631	12,189112	0,09314531603
13,571917	11,844213	0,09040928761
13,17591	11,533533	0,08685293867
12,811475	11,221053	0,08427786678
12,465082	10,931985	0,08161879283
12,139436	10,618604	0,08022277048
11,794846	10,359254	0,07682798316
11,476417	10,082794	0,07466784082
11,159791	9,818041	0,07224729858
10,890074	9,599215	0,07000234671
10,597804	9,341666	0,06812153082
10,317261	9,109332	0,06591142375
10,052054	8,883301	0,06399507555
9,781434	8,664474	0,06171316998
9,518933	8,443847	0,05972738744
9,263648	8,235827	0,05761128284
8,988517	8,000791	0,05563140717
8,704366	7,73964	0,05410387161
8,42202	7,518112	0,0515143269
8,170343	7,306489	0,04960187564
7,927687	7,077757	0,04846437398
7,703975	6,89225	0,04668954844
7,482066	6,708544	0,044916394
7,284514	6,532041	0,0437122873
7,087863	6,372649	0,0420371671
6,904744	6,221362	0,04055676803
6,735155	6,063771	0,03970242841
6,573685	5,932295	0,03833745837
6,404097	5,792714	0,03694395702
6,243529	5,669343	0,03535079187
6,097394	5,525259	0,03487218564
5,939533	5,394684	0,03358706148
5,801516	5,288422	0,03221269018
5,65899	5,185763	0,03055357274
5,530897	5,057889	0,03019880854
5,408215	4,945324	0,02954092724
5,289143	4,842665	0,02869131588
5,147518	4,727398	0,02745638751
5,03025	4,635545	0,02630806336
