p1	p2	vazao
30,420715	1,064981	0
30,414401	1,051473	0
30,418911	1,051473	0
30,40087	1,062279	0
30,429736	1,069483	0
30,411695	1,073085	0
30,42252	1,082991	0
30,42703	1,077588	0
30,437855	1,079389	0
30,434246	1,0983	0
30,417107	1,075787	0
30,419813	1,091996	0
30,423422	1,079389	0
30,413499	1,083891	0
30,049064	1,406278	0
21,06809	13,283245	0,05244420872
21,309844	16,339612	0,04190452119
21,911522	18,372087	0,03536222008
21,833042	18,807939	0,03269208619
21,254818	18,353176	0,03201801963
20,619763	17,820068	0,03145052598
20,009966	17,291462	0,03099113917
19,38303	16,782668	0,03031024575
18,810217	16,286481	0,02986032385
18,230189	15,813708	0,02921892573
17,675418	15,344537	0,02869674265
17,153121	14,905983	0,02817652457
16,656083	14,45122	0,02791022624
16,165358	14,042384	0,02738702699
15,708913	13,617338	0,0271837441
15,254271	13,254428	0,02658095029
14,796924	12,874408	0,02606198759
14,392798	12,516001	0,02575023533
13,970631	12,189112	0,02508810054
13,571917	11,844213	0,02470627218
13,17591	11,533533	0,02408845686
12,811475	11,221053	0,02370438758
12,465082	10,931985	0,02327326792
12,139436	10,618604	0,0231799862
11,794846	10,359254	0,02252102055
11,476417	10,082794	0,0221893819
11,159791	9,818041	0,02177250275
10,890074	9,599215	0,02135560875
10,597804	9,341666	0,0210664438
10,317261	9,109332	0,02065823703
10,052054	8,883301	0,02032047808
9,781434	8,664474	0,01986512776
9,518933	8,443847	0,01948920641
9,263648	8,235827	0,01905598032
8,988517	8,000791	0,01868059888
8,704366	7,73964	0,01846182133
8,42202	7,518112	0,0178704162
8,170343	7,306489	0,01746999282
7,927687	7,077757	0,01732862612
7,703975	6,89225	0,01693468072
7,482066	6,708544	0,01653137156
7,284514	6,532041	0,01630489524
7,087863	6,372649	0,01589609888
6,904744	6,221362	0,01553832926
6,735155	6,063771	0,01540132359
6,573685	5,932295	0,01505336681
6,404097	5,792714	0,01469701818
6,243529	5,669343	0,01424291399
6,097394	5,525259	0,0142174533
5,939533	5,394684	0,01387428563
5,801516	5,288422	0,01346390443
5,65899	5,185763	0,01293026155
5,530897	5,057889	0,01292726927
5,408215	4,945324	0,01278827364
5,289143	4,842665	0,01255950676
5,147518	4,727398	0,01218313988
5,03025	4,635545	0,01180888426
4,894038	4,531985	0,01130989642
4,775867	4,448237	0,01075881359
4,673933	4,355483	0,0106070149
4,571098	4,244719	0,01073825359
4,464654	4,162772	0,01032740388
4,340169	4,059212	0,009963053917
4,238235	3,982667	0,009502235493
4,147126	3,88361	0,00964886093
4,032564	3,805265	0,008961306151
3,936945	3,754836	0,008021179901
4,319421	3,219026	0,01971727331
5,079863	1,138823	0
5,123162	1,08209	0
5,155637	1,059577	0
5,177286	1,066782	0
5,184503	1,073986	0
